Leftface
{
8246 920 7284 2314 4851 6921 3167 6923 4533 289 8652 1232 6890 288 9774 2035 7062 375 3161 6900 4513 8909 3914 8911 3915 8914 1423 9784 2039 9783 4510 9782 5399 883 8203
9806 2057 4528 9805 9804 564 10223 9822 4862 2069 10224 4863 10225 10188 2301 10187 2300 7265 3267 7263 4664 7981 696 7982 3478 5486 2790 699 3188 2126 4602 2132 7039 2154 4632
7904 5390 8518 235 8517 4838 10191 2302 10192 4840 10182 569 10170 2290 7250 3262 7249 2184 7081 4671 9998 4670 7072 286 2905 5971 3770 8643 1227 7029 2147 4623
245 7258 3265 7260 2296 10180 1188 8584 3744 8585 1189 8679 3788 5994 1252 5993 299 9994 5378 2730 10853 1236 8656 3777 8655 3776 283 9854 2091 6959
247 6866 3153 6869 4491 2017 4661 2113 6985 4584 9890 4583 9889 4610 2137 9924 575 9883 2108 6975 560 7886 2030
4457 9710 4801 7225 2270 10139 2269 10138 4798 7222 3254 7220 579 7016 3194 7019 2139 9932 2141 9931 4911 6047 1311 6050 3832 8757 1310
4913 7360 3293 7359 1262 3798 8692 1259 6005 2914 1260 6004 3187 6993 2121 9900 4927 10288 2367 10289
8200 878 5718 3587 2849 5719 3186 6989 2118 9896
}