1201
44
45
1200
42
1199
1197
40
47
1196
48
1195
1188
1189
52
51
1185
53
55
1184
56
1183
0
83
90
1
85
84
100
99
101
102
58
112
191
109
260
30
29
261
134
146
145
133
138
144
148
64
65
147
13
158
157
12
1190
169
172
173
409
408
174
410
175
411
176
412
180
181
402
401
182
63
400
399
183
62
398
184
397
185
259
31
118
110
115
119
116
123
1212
111
192
194
195
193
269
270
280
279
165
164
198
201
199
197
162
200
132
166
6
126
428
37
125
429
71
430
72
431
291
205
228
227
229
230
210
209
231
23
22
237
93
97
95
238
239
240
105
241
106
242
103
243
187
395
394
121
246
277
276
289
288
272
273
263
264
26
27
25
265
274
290
275
247
1218
248
252
253
254
255
24
256
285
286
113
59
80
142
203
67
1156
1133
1155
1151
1152
207
161
1150
170
1144
1145
1143
1140
1141
1139
140
143
298
294
141
137
156
9
10
302
135
160
49
296
70
89
98
91
305
306
189
244
406
405
404
249
393
250
251
21
92
94
96
108
107
104
186
396
190
407
245
1219
122
120
278
287
271
262
28
88
86
293
2
309
310
311
320
150
438
437
440
439
204
312
308
297
304
281
315
316
303
139
317
314
301
313
436
136
299
300
365
363
11
206
66
68
69
1205
87
307
435
318
319
41
1142
1198
321
434
322
433
323
3
292
202
325
50
1187
1186
54
326
1153
163
328
327
159
232
334
333
335
1154
196
114
344
35
34
257
258
268
267
32
346
33
345
336
284
337
338
341
340
283
339
282
342
266
343
171
1149
168
1191
1146
426
43
1138
1192
357
356
1137
1148
361
364
362
372
129
128
374
127
8
7
377
378
379
380
381
382
383
384
385
386
155
153
154
233
349
14
387
36
427
367
329
359
360
347
366
420
348
422
421
18
19
15
16
17
1202
1136
388
353
389
188
117
1211
1210
413
419
418
417
1134
1203
1204
416
1182
1194
441
442
151
149
179
403
177
152
447
354
448
449
451
452
455
355
415
46
1135
1181
358
1193
1147
432
370
371
368
369
446
445
444
373
82
234
375
178
390
458
459
456
463
469
235
474
475
470
457
450
414
479
478
453
454
481
480
476
483
460
484
482
79
81
443
4
324
124
5
485
38
75
76
486
73
77
487
74
78
488
236
473
214
466
39
467
945
946
167
948
949
213
222
223
217
216
330
950
951
212
224
332
331
218
350
226
351
220
953
954
352
131
60
423
955
425
1041
1022
424
20
956
391
461
928
905
462
927
935
936
61
926
392
968
57
1023
472
471
931
295
208
930
464
465
938
939
922
918
917
998
916
997
915
996
947
130
221
215
211
952
225
219
923
919
988
989
924
920
929
904
468
937
914
995
925
921
477
932
933
934
967
376
1094
1093
1086
1087
1085
1108
1107
1106
1105
1104
1103
1102
1101
1100
1099
1096
1097
490
1164
1165
497
498
1166
494
1160
1161
495
492
1162
503
1176
1177
505
1179
847
506
1178
502
1172
1173
501
1171
618
1125
1126
1130
1131
539
532
549
533
534
548
551
550
640
561
507
558
695
696
594
595
583
582
587
593
514
513
597
596
606
607
1124
839
622
621
838
840
623
841
624
625
842
630
629
831
832
631
512
830
632
829
511
633
828
634
827
694
1209
1207
567
564
559
568
560
641
643
565
644
642
704
705
714
715
572
647
613
614
650
646
648
611
649
581
615
856
575
857
574
858
520
859
521
620
1170
726
654
662
663
664
657
658
665
666
671
542
672
544
546
673
674
554
675
555
676
552
677
636
825
824
1217
570
681
680
712
711
707
723
724
708
698
699
700
709
725
682
710
688
687
689
690
691
721
720
562
508
652
591
529
516
1129
656
610
619
1118
1119
815
816
1117
814
1114
1115
811
812
1113
810
1112
493
733
592
589
729
590
586
605
737
609
584
499
731
547
538
519
540
741
740
683
679
836
678
638
835
684
834
685
823
686
541
543
545
557
556
553
635
826
837
639
637
569
566
571
713
722
706
697
537
535
728
744
745
746
755
599
866
865
868
867
743
747
653
732
739
716
738
751
750
588
752
749
736
748
864
585
734
796
735
794
515
655
517
536
742
863
753
754
813
1116
1163
491
756
862
757
861
758
727
651
760
500
1174
1175
504
1128
761
1127
612
763
762
608
667
767
766
768
645
563
777
692
703
693
702
779
778
719
769
770
771
773
774
718
772
717
775
701
776
1123
617
1167
854
817
1120
809
1159
788
1169
1122
790
808
1111
1132
787
1158
795
792
793
578
803
577
805
576
602
604
603
668
782
818
855
798
764
780
791
797
850
781
851
852
819
1110
820
784
843
849
848
846
1157
869
870
600
598
628
833
626
601
875
785
877
876
880
879
883
786
845
1109
496
1180
789
1168
1121
860
801
802
799
800
874
873
872
804
531
669
627
806
821
1045
1046
884
1044
1043
670
890
889
885
1042
878
844
894
893
881
882
895
896
898
891
886
899
897
528
518
530
871
759
573
900
524
525
901
522
526
902
523
527
903
1030
1031
943
888
489
942
963
964
616
661
1033
1014
1015
1034
961
962
765
660
1035
1036
1016
1039
1038
783
958
959
580
509
1040
957
853
887
1024
1057
1058
510
1029
1010
1011
1028
1009
1027
1008
971
1051
1052
970
973
982
1050
972
941
579
1032
1013
960
659
1037
1017
1018
969
1053
1025
1059
983
974
994
993
892
1055
1056
1054
822
1005
1006
906
1007
907
990
908
991
909
992
910
944
911
912
913
1000
730
807
999
940
1012
1021
1020
1019
965
966
975
976
977
978
979
980
981
985
984
986
987
1060
1026
1048
1047
1049
1004
1003
1002
1001
1062
1061
1063
1064
1065
1066
1067
1068
1069
1070
1071
1072
1073
1074
1075
1076
1077
1078
1079
1080
1081
1082
1083
1084
1098
1095
1092
1091
1090
1089
1088
1206
1208
1213
1214
1215
1216
