0 8246
1 2057
2 5390
3 7258
4 6866
5 4801
6 3798
7 2849
8 8683
9 13693
10 14642
11 15645
12 17674
13 18066
14 16234
15 12901
16 19054
17 3892
18 5398
19 6118
20 9563
21 7993
22 18801
23 20295
24 11260
25 16242
26 19597
27 4321
28 8664
29 5891
30 8472
31 5826
32 10869
33 8476
34 21601
35 11950
36 5467
37 2492
38 5459
39 8221
40 1520
41 5474
42 19029
43 16315
44 16302
45 16311
46 21657
47 16321
48 33
49 8061
50 4092
51 5886
52 14936
53 11663
54 10990
55 18862
56 13864
57 1104
58 3020
59 3513
60 28
61 6407
62 220
63 12434
64 10985
65 12486
66 8464
67 1640
