0.162472 0.986304 0.028405
0.154680 0.987852 0.014917
-0.038965 0.999145 -0.013796
0.156901 0.986472 0.047498
0.089735 0.993810 0.065492
0.042973 0.996080 0.077321
0.196070 0.980459 0.016035
0.162744 0.986616 0.010204
0.015734 -0.987110 0.159271
0.015637 -0.991212 0.131359
-0.031370 -0.990164 0.136353
-0.089505 -0.989939 0.109589
-0.123686 -0.990306 0.063216
-0.117728 -0.992038 0.044721
-0.136905 -0.990085 0.031451
-0.172863 -0.983868 0.046057
-0.320745 -0.946159 0.043657
-0.075015 -0.809235 -0.582676
-0.221289 -0.796095 -0.563262
-0.324334 -0.774208 -0.543517
-0.424902 -0.726626 -0.539883
-0.486107 -0.713655 -0.504377
-0.565844 -0.677094 -0.470494
-0.656225 -0.642338 -0.395943
-0.798103 -0.528951 -0.288517
-0.889771 -0.381354 -0.250754
-0.881712 0.397987 -0.253358
-0.881712 0.397987 -0.253358
-0.639939 0.724559 -0.255915
-0.485896 0.794330 -0.364616
-0.422829 0.791504 -0.441291
-0.370459 0.790906 -0.487061
-0.339261 0.776947 -0.530335
-0.249700 0.793807 -0.554545
-0.135890 0.804734 -0.577873
-0.951390 0.269794 0.148557
-0.932126 -0.329835 0.149499
-0.890137 -0.283542 0.356734
-0.912495 0.211581 0.350124
-0.951390 0.269794 0.148557
-0.912495 0.211581 0.350124
-0.780287 0.614722 0.115196
-0.761111 0.568104 0.312998
-0.619876 0.777625 0.105138
-0.560393 0.773789 0.295315
-0.472026 0.874874 0.108569
-0.434487 0.850467 0.296524
-0.334653 0.936127 0.108044
-0.316222 0.903253 0.290066
-0.292185 0.950078 0.109450
-0.251553 0.922664 0.292253
-0.248010 0.961871 0.115306
-0.206104 0.928553 0.308726
-0.148190 0.981673 0.119823
-0.124123 0.938588 0.321942
-0.026474 -0.994868 0.097657
-0.036026 -0.932223 0.360086
-0.125407 -0.986987 0.100643
-0.125858 -0.921675 0.366980
-0.235903 -0.966219 0.103780
-0.223062 -0.902721 0.367883
-0.380474 -0.918152 0.110618
-0.349490 -0.863568 0.363464
-0.462763 -0.878622 0.117790
-0.438072 -0.824087 0.359129
-0.601496 -0.789138 0.124356
-0.563130 -0.747387 0.352559
-0.850237 -0.508643 0.135569
-0.729412 -0.672097 0.127454
-0.686572 -0.641106 0.342930
-0.814465 -0.466793 0.344602
-0.456194 -0.848555 -0.268034
-0.457814 -0.882750 -0.105633
-0.577901 -0.778004 -0.246456
-0.597267 -0.796982 -0.089957
-0.700934 -0.681289 -0.211038
-0.727719 -0.682257 -0.070363
-0.831617 -0.527361 -0.174080
-0.847480 -0.528354 -0.051181
-0.919628 0.355189 -0.167705
-0.907498 -0.385801 -0.166146
-0.926083 -0.375185 -0.040078
-0.946404 0.321481 -0.031134
-0.919628 0.355189 -0.167705
-0.946404 0.321481 -0.031134
-0.712192 0.683903 -0.158303
-0.757017 0.651715 -0.046829
-0.572573 0.795522 -0.198256
-0.627528 0.775643 -0.067725
-0.451893 0.861442 -0.231754
-0.475048 0.875879 -0.084652
-0.336898 0.908514 -0.247187
-0.339890 0.935762 -0.093935
-0.293427 0.920130 -0.259349
-0.302759 0.947712 -0.100892
-0.234715 0.933210 -0.272081
-0.253662 0.961244 -0.108003
-0.135706 0.948896 -0.284923
-0.149663 0.982048 -0.114814
-0.048476 -0.956867 -0.286454
-0.031165 -0.991936 -0.122850
-0.152319 -0.945556 -0.287616
-0.129528 -0.983798 -0.123955
-0.374252 -0.884025 -0.280065
-0.255807 -0.924067 -0.284013
-0.236314 -0.964069 -0.121356
-0.375800 -0.919572 -0.114727
-0.445532 -0.637599 0.628466
-0.568940 -0.577793 0.585203
-0.721368 -0.420063 0.550614
-0.806465 0.222406 0.547860
-0.806412 -0.257693 0.532254
-0.806465 0.222406 0.547860
-0.504236 -0.062940 0.861269
-0.632095 0.541202 0.554577
-0.403891 -0.141395 0.903814
-0.453886 0.713397 0.533903
-0.327988 0.004754 0.944670
-0.345251 0.752369 0.561019
-0.259215 0.791735 0.553140
-0.182155 0.801519 0.569549
-0.134744 0.801824 0.582171
-0.079262 0.808829 0.582678
-0.041945 -0.709562 0.703394
-0.047558 0.092202 0.994604
-0.106818 -0.705593 0.700520
-0.100750 0.040080 0.994104
-0.171166 -0.702811 0.690478
-0.146725 -0.010634 0.989120
-0.335969 -0.676105 0.655749
-0.248746 -0.688379 0.681366
-0.199977 0.044901 0.978771
-0.262616 -0.006064 0.964881
-0.089505 -0.989939 0.109589
-0.424320 -0.628333 -0.652036
-0.123686 -0.990306 0.063216
-0.474740 -0.597590 -0.646149
-0.117728 -0.992038 0.044721
-0.493373 -0.612297 -0.617799
-0.136905 -0.990085 0.031451
-0.534593 -0.585229 -0.609686
-0.172863 -0.983868 0.046057
-0.595316 -0.620911 -0.509970
-0.038965 0.999145 -0.013796
-0.320745 -0.946159 0.043657
-0.795879 -0.425964 -0.430269
-0.649120 0.641233 -0.409223
-0.038965 0.999145 -0.013796
-0.649120 0.641233 -0.409223
0.196070 0.980459 0.016035
-0.362380 0.814212 -0.453585
0.162744 0.986616 0.010204
-0.317845 0.770800 -0.552126
0.154680 0.987852 0.014917
-0.314476 0.742809 -0.591050
0.162472 0.986304 0.028405
-0.347654 0.672307 -0.653559
0.156901 0.986472 0.047498
-0.303234 0.687416 -0.659931
0.089735 0.993810 0.065492
-0.218580 0.679272 -0.700580
0.042973 0.996080 0.077321
-0.114450 0.690719 -0.714009
0.015637 -0.991212 0.131359
-0.078638 -0.703713 -0.706119
-0.031370 -0.990164 0.136353
0.015734 -0.987110 0.159271
-0.238694 -0.687876 -0.685457
-0.348123 -0.647984 -0.677441
0.935273 0.123342 0.331738
0.799439 -0.188494 0.570409
0.795727 -0.401702 -0.453270
0.969855 -0.143042 0.197282
0.767335 0.239828 0.594710
0.764413 -0.243793 -0.596856
0.043431 0.961550 -0.271175
0.985432 0.103510 0.134939
0.981815 -0.146621 0.120591
0.998475 0.052888 0.015861
0.000000 -0.520411 0.853916
0.811315 -0.579051 -0.080425
0.909222 -0.043731 -0.414008
0.248843 0.216018 -0.944147
0.907212 0.379691 -0.181111
0.999319 0.030978 -0.020038
0.000000 0.536440 -0.843938
0.325108 0.932899 0.154935
0.000000 -0.185536 -0.982637
0.554504 -0.261038 0.790180
-0.195764 0.154706 0.968371
0.470195 0.202398 0.859041
0.654390 -0.358020 0.666030
0.831825 0.388190 0.396706
0.840732 0.410469 0.353109
0.673899 -0.390746 0.627039
0.090335 0.506712 0.857369
0.613880 0.411486 0.673670
0.974779 0.217614 0.049498
0.782421 0.534925 0.318862
0.578843 0.774220 0.255976
0.998881 0.025078 0.040100
0.624449 -0.006807 0.781036
0.832604 -0.264574 0.486592
0.264588 -0.619170 0.739339
0.842460 0.159779 0.514521
0.345733 0.331350 0.877882
0.673642 0.219829 0.705608
0.014205 0.246927 0.968930
0.811315 -0.579051 -0.080425
0.469877 -0.869255 0.153662
0.587060 -0.092700 0.804218
0.050753 -0.931463 0.360278
0.322107 -0.637402 0.699976
-0.040986 -0.979681 0.196330
0.362153 -0.562817 0.743023
0.283911 0.769700 0.571801
-0.363149 -0.902947 0.229804
0.305880 0.711048 0.633126
0.980339 -0.065857 -0.186004
0.988125 -0.126635 0.087023
0.874349 -0.453771 -0.172063
0.972635 -0.231511 0.019611
0.883808 0.076850 -0.461495
-0.041145 -0.269251 0.962191
0.012241 -0.090782 0.995796
-0.334047 0.196393 0.921869
0.080571 0.654400 0.751844
-0.057003 -0.229789 0.971570
0.240188 -0.008365 0.970690
0.414488 0.018132 0.909874
0.504080 0.108595 0.856803
0.453759 -0.259482 0.852509
0.462353 -0.020431 0.886461
0.336294 -0.276221 0.900338
-0.133104 -0.273738 0.952550
-0.239875 -0.197901 0.950418
0.107993 -0.901357 0.419395
-0.010619 -0.942404 0.334309
0.158621 -0.337107 0.928008
0.168679 -0.135185 0.976357
0.208248 -0.211262 0.954987
0.836357 0.541408 0.085937
0.514032 -0.853765 0.082805
0.991702 -0.018393 -0.127235
0.930067 0.332894 -0.155423
0.980339 -0.065857 -0.186004
0.945801 0.023122 0.323922
0.983726 0.139004 0.113845
0.956982 0.152732 0.246695
0.987661 -0.103049 0.117930
0.925248 -0.057994 0.374904
0.942188 0.278748 0.185960
0.928213 -0.199751 0.313881
0.998068 -0.047984 0.039468
0.883613 0.377342 -0.277202
0.857026 -0.088125 -0.507681
0.930056 0.301244 -0.210355
0.990995 -0.041542 0.127294
0.970871 0.192898 0.142127
0.903049 0.292119 -0.314911
0.135411 0.845343 -0.516778
0.976007 -0.019125 0.216900
0.948433 0.031261 0.315434
0.993055 0.019186 0.116073
0.998230 0.058809 -0.008833
0.979817 0.174026 0.098356
0.963233 0.098512 0.249955
0.949144 -0.314731 0.008420
0.987063 -0.156154 0.036378
0.955036 -0.019928 0.295821
0.722771 -0.493188 0.484116
0.872738 -0.315113 0.372870
0.966879 -0.215946 0.136058
0.874509 0.292685 -0.386742
0.885194 0.459544 -0.072461
0.708873 -0.524536 0.471551
0.858543 -0.331088 0.391515
0.912363 -0.407756 -0.036445
0.717206 -0.356582 0.598719
0.798841 -0.191054 0.570397
0.876730 -0.232292 0.421172
0.784802 -0.301011 0.541736
0.722985 -0.445956 0.527651
0.854864 -0.259556 -0.449264
0.954108 -0.119842 0.274436
0.904943 0.048347 0.422778
0.983646 -0.115267 0.138398
0.826791 0.337747 -0.449827
0.974168 -0.067435 -0.215522
0.218060 0.648388 -0.729412
0.314817 0.338283 -0.886823
0.963970 -0.095746 -0.248181
0.377454 -0.272320 -0.885082
0.811908 -0.050897 -0.581563
0.829588 0.161011 -0.534658
-0.263702 -0.227403 -0.937416
0.571997 -0.459413 -0.679529
0.766530 -0.513944 0.385089
0.426000 -0.737705 -0.523751
0.461840 -0.804225 -0.374068
0.904294 0.410753 0.116342
0.946581 0.267392 0.180239
0.960473 0.124329 0.249065
0.689990 0.712175 0.129309
0.923444 -0.376514 0.074086
0.718538 -0.577412 0.387683
0.874430 0.367818 0.316358
0.750646 0.641401 -0.158539
0.984876 -0.045132 0.167281
0.952712 0.029208 0.302467
0.558776 0.828105 -0.044860
0.533907 0.795446 -0.286721
0.955011 -0.004890 0.296529
0.943559 0.009861 0.331058
0.980437 -0.147465 0.130378
0.991509 -0.108537 0.071624
-0.052148 -0.739073 -0.671604
0.459411 -0.750313 0.475365
0.943868 -0.163481 0.287030
0.854879 -0.486141 0.181240
0.845305 -0.526547 -0.090601
0.975165 0.045730 0.216705
0.978769 0.146769 0.143073
0.795169 -0.458592 -0.396736
0.902772 0.427029 0.051469
0.974838 0.184047 0.125765
0.960385 0.278438 0.011559
0.986469 0.150347 0.065385
0.700383 0.557405 0.445828
0.208552 0.961686 0.177952
0.707996 0.596311 0.378357
0.443710 -0.581221 -0.682132
0.507320 0.647338 -0.568841
0.730003 0.281428 -0.622811
0.381670 -0.007687 -0.924267
0.766728 -0.068987 -0.638255
0.779645 -0.285623 -0.557292
0.773682 -0.573262 -0.269790
0.670633 0.149865 0.726493
0.707994 0.435253 0.556147
0.700288 -0.701190 -0.133899
0.851589 0.235924 0.468119
0.961199 -0.141743 0.236653
0.890321 0.066830 0.450402
0.911067 0.109528 0.397444
0.877985 0.185429 -0.441313
0.427788 -0.794663 0.430706
0.807599 -0.522163 -0.274099
0.902848 0.035002 0.428533
0.855854 0.007372 0.517164
0.674183 -0.248315 0.695570
0.794496 -0.538512 -0.280679
0.897967 -0.439022 -0.030245
0.829873 -0.271254 0.487578
0.638580 -0.459766 0.617115
0.860215 0.357054 -0.364063
0.950058 -0.250974 0.185476
0.882900 0.192757 0.428174
0.971511 -0.127494 0.199778
0.761422 -0.530030 -0.373236
0.717172 -0.473943 -0.510924
0.943139 -0.016745 0.331978
0.411919 -0.424429 -0.806339
0.967044 0.087319 0.239168
0.764006 0.453142 0.459300
0.594518 0.167471 0.786449
0.641775 -0.764352 -0.062377
0.602983 -0.739055 -0.300349
0.817026 -0.281295 -0.503331
0.665317 -0.603288 -0.439769
0.684292 -0.505602 -0.525463
0.007771 0.999793 -0.018797
0.441738 0.795203 0.415356
0.456620 -0.883707 -0.102762
0.973683 0.071031 0.216555
0.808832 -0.527754 0.259358
0.979797 -0.199757 -0.009737
0.973167 -0.160203 0.165167
0.952168 -0.110378 0.284944
0.952065 -0.147443 0.268016
0.918086 -0.271785 0.288533
0.964311 -0.069554 0.255473
0.917826 -0.143113 0.370289
0.958537 -0.175048 0.224866
0.841135 -0.344225 0.417135
0.508520 -0.803832 0.308644
0.999247 0.021278 0.032455
0.974727 -0.176852 0.136492
0.967665 -0.136963 0.211815
0.990546 0.028564 0.134177
0.968637 0.161278 0.189028
0.975529 0.145163 0.165142
0.815992 0.072802 0.573461
0.522162 -0.843911 0.123132
0.272007 -0.932859 0.236190
0.358507 -0.756918 0.546395
0.000000 -0.979851 0.199732
0.966254 -0.080383 -0.244728
0.984543 -0.068120 -0.161353
0.929267 -0.137179 -0.342994
0.247088 -0.553282 0.795503
0.000000 -0.824471 0.565904
0.226966 -0.514822 0.826707
0.000000 -0.580842 0.814017
-0.000000 -0.061781 -0.998090
0.195494 -0.065166 -0.978537
0.000000 0.121777 -0.992558
0.213184 0.127287 -0.968685
0.000000 -0.433503 -0.901152
0.000000 -0.268335 -0.963326
0.577971 -0.050044 -0.814521
0.555193 -0.228180 -0.799809
0.382520 -0.256272 -0.887695
0.425673 0.117315 -0.897240
0.398134 -0.063141 -0.915152
0.212752 -0.262590 -0.941161
0.970476 -0.179396 0.161227
0.984517 -0.175237 0.004224
0.894622 -0.203100 0.397997
0.957282 -0.097370 0.272269
0.840547 -0.282283 0.462382
0.743031 -0.326488 0.584219
0.777012 -0.243297 0.580568
0.846795 -0.160731 0.507054
0.882008 -0.357074 0.307507
0.622322 -0.626609 0.469122
0.516776 -0.526145 0.675362
0.714751 -0.425683 0.554910
0.433937 -0.467965 0.769875
0.632902 -0.405001 0.659855
0.642698 -0.764583 0.048511
0.725937 -0.617826 0.302169
0.823938 -0.524179 0.215320
0.736140 -0.676800 0.006349
0.913360 -0.278965 0.296566
0.894402 -0.433765 0.109056
0.798771 -0.348572 0.490369
0.000000 0.234020 -0.972232
-0.000000 0.136213 -0.990680
0.952522 -0.103807 -0.286229
0.886554 -0.099004 -0.451907
0.865645 -0.169427 -0.471120
0.847409 -0.230792 -0.478155
0.986946 -0.093294 -0.131281
0.271403 0.125485 -0.954251
0.475341 0.074651 -0.876629
0.462047 0.153014 -0.873556
0.765726 0.643162 0.002468
0.846979 0.531597 0.005614
0.495170 0.851507 -0.172462
0.644685 0.748051 -0.157487
0.336732 0.925480 -0.173489
0.000000 0.984498 -0.175398
0.198580 0.963748 -0.178200
0.981824 -0.137409 -0.130924
0.959754 0.270859 0.074215
0.974779 0.217614 0.049498
0.987304 0.154327 0.037611
0.779630 -0.183352 -0.598798
0.698758 -0.200421 -0.686708
0.691329 -0.308203 -0.653510
0.945573 0.324316 0.026652
0.936383 0.349513 -0.032062
0.963717 0.266566 0.013836
0.586495 0.088798 -0.805070
0.712822 0.030309 -0.700690
0.821898 -0.017687 -0.569360
0.802489 -0.076649 -0.591723
0.716245 -0.065237 -0.694793
0.798880 0.590324 -0.115359
0.877689 0.472270 -0.081389
0.321839 0.875730 -0.359884
0.977758 0.209646 -0.006183
0.508557 0.786229 -0.351017
0.675920 0.658353 -0.331216
0.823477 0.506817 -0.254994
0.956572 0.279029 -0.084336
-0.000000 0.918672 -0.395021
0.195793 0.904827 -0.378091
0.181223 0.810249 -0.557363
0.978314 -0.152954 -0.139664
0.979202 -0.158832 -0.126237
0.578335 0.191101 -0.793101
0.974595 -0.087193 -0.206305
0.929197 -0.005527 -0.369544
0.988150 -0.099280 -0.117063
0.833406 0.057156 -0.549698
0.711627 0.126852 -0.691010
0.992335 -0.075420 -0.097890
0.402369 0.255777 -0.879021
0.207205 0.310045 -0.927867
0.000000 0.324092 -0.946026
0.329128 0.769358 -0.547506
0.547794 0.515189 -0.659168
0.564792 0.354394 -0.745262
0.832228 0.406348 -0.377197
0.931228 0.184555 -0.314250
0.931750 0.073189 -0.355649
0.923846 0.286286 -0.254064
0.970015 0.204322 -0.131623
0.977586 0.100307 -0.185106
0.975347 -0.007279 -0.220559
0.990829 0.130856 -0.033684
0.694439 0.541717 -0.473601
0.845062 0.275866 -0.458005
0.844664 0.162658 -0.509985
0.544088 0.660655 -0.517207
0.707952 0.401117 -0.581300
0.717342 0.258658 -0.646929
0.994631 0.101726 0.018987
0.996921 -0.031934 -0.071622
0.993277 -0.048923 -0.104919
0.996232 0.038288 -0.077816
0.337586 0.621843 -0.706645
0.373531 0.450967 -0.810619
0.193548 0.516283 -0.834261
0.174113 0.678423 -0.713741
0.000000 0.690791 -0.723054
0.000000 0.826048 -0.563600
0.733490 -0.178735 -0.655779
0.861562 -0.135177 -0.489324
0.790483 -0.119137 -0.600785
0.913354 -0.075933 -0.400023
0.937816 -0.157390 -0.309402
-0.000000 0.999942 0.010758
0.631494 0.775352 -0.006745
0.613684 0.779049 0.128357
0.919753 0.369585 0.132142
0.000000 0.985798 0.167938
0.000000 0.943228 0.332146
0.873520 0.461927 0.153577
0.828996 0.552096 0.089198
0.812342 0.553678 0.183141
0.735769 0.667673 0.113389
0.578843 0.774220 0.255976
0.712064 0.664851 0.225694
0.877528 0.473165 0.077843
0.898901 0.437855 0.016149
0.916216 0.393863 0.073623
0.278588 0.912717 0.298892
0.194875 0.980825 0.002514
0.172816 0.971556 0.161907
0.347036 0.937837 -0.005240
0.490658 0.871343 -0.003966
0.479383 0.866352 0.140095
0.152147 0.934732 0.321134
0.429060 0.858431 0.281076
0.391840 -0.404593 -0.826297
0.552303 -0.372971 -0.745556
0.565795 -0.385922 -0.728657
0.920522 -0.169987 -0.351773
0.926517 -0.245303 -0.285295
0.804591 -0.343269 -0.484561
0.765735 -0.335063 -0.548983
0.844268 -0.287049 -0.452564
0.771428 -0.280374 -0.571217
0.524551 -0.339003 -0.780976
0.755147 -0.301479 -0.582119
0.693833 -0.350667 -0.628991
0.663535 -0.317099 -0.677621
0.822453 -0.237097 -0.517065
0.958184 -0.265907 0.105717
0.856754 -0.466072 -0.220792
0.912111 -0.365706 -0.185240
0.960308 -0.255744 -0.111373
0.852419 -0.497837 -0.159812
0.940176 -0.339486 -0.028624
0.964236 -0.171422 -0.202148
0.930511 -0.219476 -0.293222
0.974498 -0.219952 -0.044449
0.929693 -0.326307 -0.170862
0.968611 -0.246724 -0.030339
0.962478 -0.154020 -0.223413
0.957777 -0.225389 -0.178500
0.864143 -0.306809 -0.398905
0.966237 -0.229154 -0.117789
0.925229 -0.290974 -0.243485
0.899765 -0.322933 -0.293493
0.947158 -0.257689 -0.191019
0.964790 -0.218859 -0.145883
0.930766 -0.312926 -0.189083
0.940156 -0.288830 -0.180789
0.858036 -0.351745 -0.374233
0.691387 -0.082926 -0.717709
0.199213 -0.474467 -0.857435
0.205180 -0.414142 -0.886785
0.574535 -0.222638 -0.787618
0.617907 -0.143398 -0.773064
0.205871 -0.286461 -0.935712
0.000000 -0.084150 -0.996453
0.394512 -0.266675 -0.879343
0.000000 -0.405900 -0.913918
0.000000 -0.487516 -0.873114
0.407232 -0.429332 -0.806124
0.376785 -0.353125 -0.856350
0.182391 -0.417215 -0.890317
0.259179 -0.104877 -0.960118
0.421485 -0.123530 -0.898382
0.116572 -0.046648 0.992086
0.102052 -0.355485 0.929094
0.400161 -0.485786 0.777099
-0.087014 -0.216641 0.972366
0.337715 -0.094238 0.936519
0.500191 -0.157026 0.851559
0.517148 -0.060134 0.853781
0.536556 -0.320512 0.780628
0.569766 -0.266026 0.777558
0.598593 -0.160543 0.784801
0.313150 -0.228337 0.921846
0.365719 -0.034633 0.930081
0.113935 0.047775 0.992339
-0.151853 0.131281 0.979646
-0.159590 -0.199293 0.966858
-0.295664 -0.182014 0.937792
-0.377518 0.069114 0.923420
-0.338838 0.069631 0.938265
0.056758 -0.010118 0.998337
0.537091 -0.098688 0.837732
-0.122834 0.214489 0.968972
0.257302 0.281172 0.924520
0.118581 0.166542 0.978878
0.111175 -0.024710 0.993494
-0.020110 0.141959 0.989668
0.290269 0.030049 0.956473
0.285734 0.026257 0.957949
0.420478 0.101275 0.901633
0.381696 0.288701 0.878043
0.522997 0.166442 0.835926
0.555378 0.201156 0.806902
0.481838 0.411199 0.773788
-0.032514 0.001011 0.999471
-0.007301 0.033429 0.999414
-0.111767 0.004368 0.993725
-0.102278 0.022536 0.994501
0.516698 -0.183732 0.836221
0.160411 -0.050901 0.985737
0.522162 -0.843911 0.123132
0.226738 -0.968153 0.106161
0.272007 -0.932859 0.236190
0.875055 -0.461418 0.146195
0.844157 -0.469266 0.259207
0.272464 0.194337 0.942336
0.094207 -0.514111 0.852534
0.305744 0.383558 0.871438
0.062806 0.402712 0.913169
-0.000000 -0.705940 0.708271
-0.015710 -0.898749 0.438183
-0.035565 -0.892710 0.449227
0.354984 -0.465491 0.810743
0.210230 -0.490514 0.845695
0.131172 -0.704826 0.697148
-0.190848 -0.296567 0.935749
0.461839 0.368065 0.806990
0.159456 0.966550 0.200887
0.169777 0.978355 0.118306
0.955394 -0.170389 0.241227
0.650957 -0.155011 0.743120
-0.753241 -0.432071 0.495926
0.402970 -0.438978 0.803065
0.406296 -0.279659 0.869893
0.389436 0.527145 0.755286
0.208928 0.844765 0.492668
0.179578 0.076957 0.980729
0.105754 0.232977 0.966715
-0.007820 0.314013 0.949386
0.622806 -0.148465 0.768160
0.556403 -0.185488 0.809945
0.557076 0.060802 0.828233
0.330708 0.653437 0.680920
0.613350 -0.261187 0.745375
0.000000 0.678126 0.734946
0.703592 0.362452 0.611218
0.738643 0.413454 0.532412
0.809511 0.224830 0.542351
0.857789 0.309616 0.410287
0.743875 0.251021 0.619386
0.750666 0.295254 0.591039
0.638344 0.218909 0.737967
0.407116 0.254306 0.877260
0.652352 0.078999 0.753788
0.189538 0.183997 0.964480
-0.067287 0.130976 0.989100
0.186867 0.251230 0.949718
0.197209 0.129451 0.971777
-0.074535 0.152154 0.985542
0.675934 -0.124982 0.726287
0.503260 -0.431155 0.748889
0.162563 0.265781 0.950228
0.450882 -0.047645 0.891311
0.320954 -0.284635 0.903311
0.412816 -0.162679 0.896169
0.404828 -0.122604 0.906136
0.500830 -0.054045 0.863857
0.514229 -0.108871 0.850715
0.281206 -0.424058 0.860871
0.427806 -0.291341 0.855630
0.622335 -0.262939 0.737267
0.569411 -0.177401 0.802683
0.634783 -0.129111 0.761828
0.630105 -0.205338 0.748869
0.139541 0.012086 0.990142
0.046659 0.155473 0.986738
0.093148 0.249081 0.963993
0.391215 -0.277278 0.877535
0.490202 0.100196 0.865831
0.432521 -0.082351 0.897855
0.146124 0.220489 0.964382
0.121302 0.125950 0.984593
0.208401 -0.246155 0.946560
0.203183 -0.076174 0.976173
0.205734 -0.474682 0.855775
0.536834 -0.201241 0.819336
0.403605 -0.219082 0.888317
0.418504 -0.443508 0.792563
0.435632 0.012315 0.900041
0.306354 0.048397 0.950687
0.305656 0.133435 0.942746
0.454712 -0.026071 0.890257
0.572893 -0.089475 0.814732
0.023409 0.147335 0.988810
0.085585 -0.056537 0.994725
0.991370 0.071385 0.109949
0.928623 -0.298812 0.219933
0.888692 -0.301232 0.345668
0.951615 -0.156737 0.264315
0.956480 -0.270013 0.110628
0.973047 -0.227614 0.037037
0.135531 -0.057681 0.989093
0.135119 0.014275 0.990727
0.095565 -0.140418 0.985470
0.203835 0.111672 0.972616
0.122514 0.005138 0.992454
0.193158 0.143397 0.970632
0.975135 -0.153188 0.160142
0.989057 -0.117960 0.088608
0.976173 -0.088931 0.197932
0.989521 -0.075967 0.122789
0.931619 -0.362669 -0.023609
0.895885 -0.441238 0.051955
0.419251 -0.893657 0.160016
0.660927 -0.582126 0.473608
0.674206 -0.613708 0.410864
0.572486 -0.387158 0.722751
0.521485 -0.609270 0.597363
0.602596 -0.218022 0.767688
0.124921 -0.972579 0.196177
0.194502 -0.942985 0.270088
0.152245 -0.978456 0.139446
0.261490 -0.957411 0.122421
0.247911 -0.952633 0.176154
0.968194 0.141781 0.206152
0.973090 0.087820 0.213034
0.059935 0.608160 0.791549
0.912739 0.204290 0.353798
0.291775 0.242568 0.925218
0.407343 0.309380 0.859276
0.797788 0.061213 0.599823
0.783334 0.115514 0.610774
0.774882 0.092609 0.625285
0.354571 0.167878 0.919835
0.466008 -0.060921 0.882681
0.687165 0.085166 0.721492
0.572905 0.252670 0.779703
0.533049 0.134652 0.835301
0.705935 0.181977 0.684500
0.716139 0.068039 0.694633
0.743304 -0.039456 0.667789
0.647151 -0.137290 0.749898
0.754959 -0.010245 0.655692
0.618608 0.300711 0.725877
0.862521 0.267079 0.429798
0.802986 0.321261 0.502001
0.707494 0.407376 0.577492
0.600169 0.484712 0.636279
0.322225 0.598285 0.733639
0.198798 0.616384 0.761939
0.911470 0.175135 0.372223
0.902851 -0.105175 0.416890
0.939701 0.045720 0.338928
0.882144 0.341458 0.324390
0.841291 0.304029 0.446985
0.545103 0.213728 0.810669
0.855397 -0.256553 0.449975
0.849854 0.186846 0.492784
0.872239 0.074727 0.483337
0.832705 0.383307 0.399598
0.805521 0.367754 0.464642
0.821557 0.447010 0.353873
0.828149 0.438302 0.349372
0.824045 0.368372 0.430408
0.819993 0.339982 0.460460
0.342926 -0.407667 0.846291
0.159888 -0.983513 0.084483
0.494443 -0.421953 0.759922
0.646791 0.131442 0.751255
0.574833 0.212321 0.790245
0.604003 0.068923 0.793996
0.279992 0.486188 0.827784
0.222130 0.209054 0.952342
0.579463 0.219696 0.784829
0.555154 0.231685 0.798828
0.597792 0.237803 0.765568
0.536458 0.210289 0.817307
0.536505 0.339292 0.772686
0.504888 0.156397 0.848898
0.411729 0.095067 0.906334
0.497181 0.020549 0.867404
0.628408 -0.073047 0.774446
0.629925 -0.018225 0.776442
0.719119 -0.425915 0.549057
0.671408 -0.294333 0.680132
0.706163 -0.145031 0.693037
0.752349 -0.114848 0.648676
0.711947 -0.219099 0.667178
0.951528 0.138503 0.274610
0.038289 0.460032 0.887076
0.657571 0.353783 0.665160
0.554356 0.399226 0.730280
0.466656 0.553238 0.690043
0.413262 0.444997 0.794476
0.876411 0.188844 0.442991
0.928762 0.135746 0.344926
-0.000225 -0.275884 0.961191
-0.096840 -0.196651 0.975679
0.433323 -0.482226 0.761373
0.826571 -0.561856 -0.033146
-0.021490 -0.480097 0.876952
0.301154 -0.532735 0.790886
-0.186766 0.376807 0.907268
0.045883 -0.042532 0.998041
-0.107399 -0.187310 0.976412
-0.229855 -0.096126 0.968466
-0.133070 0.045369 0.990068
-0.178203 0.101325 0.978763
-0.198468 0.271176 0.941846
0.111144 0.298033 0.948063
0.103036 0.250638 0.962582
-0.166137 0.100251 0.980994
-0.259093 0.330387 0.907588
-0.200967 0.185961 0.961785
-0.147151 0.592320 0.792151
-0.187848 0.630009 0.753527
0.773579 0.463084 0.432585
0.770031 0.450064 0.452211
0.364800 0.626172 0.689079
0.592439 0.496734 0.634248
0.350189 0.661226 0.663436
0.593055 0.576151 0.562438
0.609218 0.539684 0.581029
0.613913 -0.090471 0.784172
0.724963 0.196773 0.660083
0.751821 0.406635 0.519050
0.574828 0.502498 0.645809
0.589470 0.576994 0.565335
0.355510 0.578742 0.733942
0.678032 0.426978 0.598300
0.000000 0.558078 0.829789
0.340802 -0.161094 0.926230
0.025120 0.230992 0.972631
0.362686 0.118073 0.924401
0.155965 0.022409 0.987508
-0.056024 0.389638 0.919263
-0.075126 0.517712 0.852250
0.443153 -0.559183 0.700664
0.493946 -0.157875 0.855040
0.318874 0.531781 0.784557
0.360383 0.262921 0.894984
0.576467 0.249663 0.778045
0.090704 -0.241126 0.966246
-0.000000 0.238995 0.971021
0.169191 -0.049974 0.984316
0.294117 -0.148374 0.944182
0.436826 -0.072204 0.896644
0.107041 -0.048446 0.993074
0.046013 -0.022958 0.998677
0.109119 -0.370977 0.922209
0.100464 -0.134767 0.985771
0.136541 -0.219989 0.965899
0.114551 0.293644 0.949027
0.079638 0.241846 0.967041
0.107269 0.296022 0.949139
0.088483 0.241929 0.966251
0.182375 0.264596 0.946957
0.137294 0.263615 0.954808
0.234970 0.255761 0.937750
0.321648 0.571304 0.755086
0.302161 0.470267 0.829185
0.592695 0.422826 0.685515
0.564878 0.343819 0.750134
0.346351 0.344743 0.872464
0.639131 0.386174 0.665118
0.397468 0.311608 0.863087
0.197045 0.304069 0.932049
0.219407 0.295985 0.929652
0.116896 0.305288 0.945058
0.133636 0.285401 0.949046
0.255041 0.219915 0.941590
0.467887 0.090252 0.879168
0.323584 0.194205 0.926055
0.515590 0.093108 0.851761
0.733405 -0.080458 0.675014
0.815774 -0.117761 0.566255
0.769188 0.005075 0.639003
0.643300 0.039193 0.764611
0.785054 0.153721 0.600050
0.512303 0.381570 0.769383
0.555682 0.492490 0.669830
0.643430 0.423383 0.637765
0.463910 0.177842 0.867848
0.249436 0.203304 0.946810
0.578548 0.262167 0.772367
0.525889 0.434024 0.731481
0.979121 0.167934 0.114548
0.917294 0.326827 0.227501
0.955021 0.246627 0.164652
0.959754 0.270859 0.074215
0.919753 0.369585 0.132142
0.989438 0.111794 0.092271
0.987304 0.154327 0.037611
0.897135 0.289124 0.333999
0.938986 0.221669 0.263000
0.843659 0.364942 0.393772
0.750200 0.476920 0.457982
0.641751 0.575116 0.507344
0.507983 0.652620 0.562175
0.359227 0.711906 0.603445
0.866911 0.423611 0.262716
0.873520 0.461927 0.153577
0.812342 0.553678 0.183141
0.676628 0.636112 0.370859
0.712064 0.664851 0.225694
0.429060 0.858431 0.281076
0.394027 0.807777 0.438451
0.551681 0.726842 0.409083
0.152147 0.934732 0.321134
0.106112 0.760509 0.640599
0.117054 0.876695 0.466588
-0.000000 0.881314 0.472531
0.244938 0.854173 0.458687
0.239225 0.744882 0.622834
0.278588 0.912717 0.298892
0.984132 0.098131 0.147832
0.984399 0.064556 0.163677
0.969379 0.058470 0.238506
0.980826 0.016622 0.194174
0.997602 0.008727 0.068664
0.996036 -0.022156 0.086143
0.998454 -0.002980 0.055500
0.999713 -0.014538 -0.019067
0.995594 -0.077054 -0.053431
0.992335 -0.075420 -0.097890
0.996530 -0.025279 0.079302
0.988001 0.045078 0.147726
0.995813 -0.069579 0.059286
0.996447 -0.084122 0.004216
0.994631 0.101726 0.018987
0.996921 -0.031934 -0.071622
0.999319 0.030978 -0.020038
0.994798 0.077765 0.065804
0.991292 -0.026727 0.128938
0.996275 0.037079 0.077856
0.999321 -0.005113 0.036500
0.995075 -0.046608 0.087478
0.992200 0.021342 0.122818
0.369379 0.296355 0.880757
0.533661 -0.157975 0.830813
0.541394 -0.212669 0.813427
0.545703 -0.136421 0.826800
0.558704 -0.123989 0.820046
0.493827 -0.164978 0.853766
0.521076 -0.218911 0.824959
0.433347 -0.216013 0.874956
0.412263 -0.217952 0.884611
0.472733 -0.160248 0.866512
0.127497 -0.268986 0.954668
0.524048 -0.129668 0.841760
0.487935 -0.174906 0.855177
0.503556 -0.143839 0.851905
0.401031 -0.230390 0.886620
0.422184 -0.112733 0.899473
0.189510 -0.056392 0.980258
0.370427 -0.074745 0.925850
0.480090 -0.097288 0.871808
0.266829 -0.264700 0.926680
0.314747 -0.072331 0.946416
0.528176 -0.046848 0.847842
0.279513 0.052415 0.958710
0.333630 0.159071 0.929187
0.491776 -0.107345 0.864079
0.510024 -0.042214 0.859124
0.467665 0.068383 0.881257
0.440876 0.091799 0.892861
0.425466 0.206284 0.881150
0.260209 0.152186 0.953484
0.116536 0.115056 0.986500
0.039888 0.133921 0.990189
0.163977 0.250533 0.954120
0.238424 0.225082 0.944718
0.474657 0.273573 0.836575
0.396413 0.326182 0.858174
0.337373 0.394918 0.854529
0.389566 0.314215 0.865741
0.349729 0.215840 0.911648
0.430468 0.270991 0.860965
0.441822 0.257336 0.859402
0.591462 0.024921 0.805948
0.444120 0.384013 0.809501
0.474125 0.357419 0.804647
0.482730 0.339664 0.807217
0.442963 0.376239 0.813774
0.485837 0.286440 0.825781
0.599856 -0.547432 0.583516
0.420382 -0.347935 0.837986
0.491533 0.185540 0.850864
0.285124 0.099415 0.953321
0.257555 -0.656935 0.708591
0.116778 -0.964476 0.236957
-0.161050 -0.948664 0.272212
0.679988 -0.725512 0.106064
0.723210 -0.690505 0.013058
0.604230 -0.665155 0.438719
0.728616 -0.666240 0.158882
0.469485 -0.725283 0.503536
0.808675 -0.563239 0.169724
-0.000000 -0.753338 0.657633
0.294532 -0.554283 0.778474
0.477942 -0.527497 0.702366
0.269970 -0.742928 0.612515
0.707132 -0.423556 0.566184
0.778178 -0.230052 0.584392
0.474497 -0.597806 0.646127
-0.423338 -0.373675 0.825319
-0.184924 -0.277847 0.942658
0.767109 -0.096499 0.634218
-0.219126 -0.747696 0.626845
-0.139404 -0.820284 0.554707
-0.402540 -0.870297 0.283803
0.578989 -0.511899 0.634611
0.178658 -0.982429 0.053983
0.311577 -0.947225 0.075398
0.700359 -0.659489 0.273076
0.848874 -0.146025 0.508026
0.787609 -0.154735 0.596431
0.750357 -0.291234 0.593420
0.777955 -0.203305 0.594520
0.213397 -0.976736 0.021199
0.352584 -0.935479 0.023762
0.405689 -0.913821 0.018627
0.718296 -0.686280 0.114326
0.820306 -0.291635 0.491983
0.786591 -0.450638 0.422138
0.907739 -0.174697 0.381432
0.839793 -0.190961 0.508214
0.913823 -0.123550 0.386862
0.906971 -0.148750 0.394052
0.835804 -0.147852 0.528746
0.876467 -0.018814 0.481094
0.880023 0.113124 0.461261
0.897615 -0.120492 0.423992
0.949262 -0.104107 0.296755
0.951481 -0.117590 0.284352
0.842735 0.161447 0.513549
0.781783 0.188119 0.594496
0.955397 -0.101383 0.277379
0.980411 -0.077530 0.181064
0.971788 -0.097016 0.214977
0.941809 -0.039726 0.333794
0.865653 0.185218 0.465123
0.982659 -0.098195 0.157288
0.978451 -0.089350 0.186148
0.936501 0.069116 0.343785
0.966803 -0.054487 0.249646
0.967391 0.017687 0.252668
0.949734 0.071990 0.304668
0.950219 0.074577 0.302525
0.920430 0.110599 0.374936
0.875786 0.189644 0.443885
0.823097 0.252414 0.508722
0.747480 0.307999 0.588566
0.495544 0.314895 0.809492
0.596686 0.313671 0.738632
0.355255 0.345768 0.868469
0.266006 0.460814 0.846694
0.136451 0.375236 0.916831
0.161109 0.456566 0.874981
0.921458 0.082075 0.379709
0.232129 0.375208 0.897405
0.842435 0.177300 0.508791
0.783021 0.243749 0.572245
0.692480 0.297894 0.657063
0.031431 0.370535 0.928287
0.888179 0.108203 0.446576
0.972830 0.045326 0.227042
0.105407 0.124722 0.986577
0.177336 0.171383 0.969113
0.822482 0.117408 0.556542
0.847673 0.146056 0.510018
0.886778 0.161857 0.432928
0.948964 -0.301971 -0.090994
0.286029 0.254022 0.923938
0.807421 0.148868 0.570885
0.615899 0.312884 0.723030
0.734384 0.237925 0.635666
0.462401 0.351506 0.814020
0.370477 0.315527 0.873607
0.055093 0.126049 0.990493
0.023191 0.308519 0.950936
-0.000000 0.314174 0.949366
0.212040 0.315917 0.924789
0.897043 0.110665 0.427863
0.863195 0.130530 0.487704
0.814622 0.187213 0.548946
0.444158 0.283211 0.850009
0.325221 0.301398 0.896321
0.532102 0.293694 0.794110
0.740516 0.256189 0.621292
0.629069 0.302075 0.716257
0.928657 0.105362 0.355662
0.915417 0.136373 0.378701
0.880974 0.143191 0.450978
0.903481 0.132685 0.407575
0.285123 0.315991 0.904906
0.230096 0.303773 0.924542
0.852540 0.143275 0.502640
0.877777 0.136591 0.459184
0.788875 0.212436 0.576669
0.763419 0.239572 0.599830
0.822163 0.170583 0.543092
0.398228 0.324299 0.858047
0.694640 0.285501 0.660276
0.661606 0.322256 0.677074
0.480778 0.342469 0.807197
0.428053 0.361618 0.828253
0.576362 0.338950 0.743586
0.530224 0.372877 0.761463
0.018625 0.288096 0.957420
0.009958 0.252791 0.967470
0.104869 0.307533 0.945741
0.078777 0.295291 0.952154
0.053276 0.255762 0.965271
0.167833 0.306943 0.936813
0.128444 0.275380 0.952716
0.991425 -0.122491 0.045526
0.992724 -0.099922 0.067191
0.996634 -0.037722 0.072790
0.992504 -0.091816 0.080652
0.973415 -0.226958 -0.030879
0.975810 -0.214272 -0.043391
0.987323 -0.097626 0.125149
0.988855 -0.097693 0.112347
0.992402 -0.096037 0.076908
0.991701 -0.126898 0.020648
0.961730 0.108527 0.251589
0.990351 0.039184 0.132925
0.924877 0.157070 0.346311
0.963051 0.091168 0.253419
0.986819 -0.034718 0.158060
0.960942 0.084486 0.263538
0.935642 0.109950 0.335388
0.282745 -0.104715 0.953462
0.535775 -0.234386 0.811177
0.589388 -0.256643 0.766000
0.449490 -0.169593 0.877039
-0.111190 -0.075595 0.990920
0.474619 0.179443 0.861706
0.333206 0.128971 0.933991
0.211144 -0.043071 0.976506
0.362238 0.253581 0.896928
0.040868 0.115464 0.992471
0.070970 0.162739 0.984114
0.169079 0.134369 0.976400
0.625363 -0.132379 0.769023
0.578756 0.138592 0.803638
0.058598 -0.320310 0.945499
-0.033459 -0.309389 0.950347
-0.034543 -0.214007 0.976221
0.034980 -0.178704 0.983281
0.067747 -0.132786 0.988827
0.303383 -0.049264 0.951594
0.422533 -0.167907 0.890659
0.540392 -0.203908 0.816332
0.705472 -0.156419 0.691261
0.618341 -0.162936 0.768835
0.618322 -0.240357 0.748268
0.582236 -0.121450 0.803898
0.619356 0.024391 0.784731
0.552689 0.028636 0.832895
0.553958 0.266140 0.788860
0.556197 0.313234 0.769759
0.468868 0.326433 0.820734
0.413106 0.305319 0.857976
0.767420 0.226636 0.599752
0.132858 0.293468 0.946692
0.003481 0.177769 0.984066
0.157791 0.207534 0.965418
0.331575 0.313347 0.889872
0.235697 0.270071 0.933546
0.395499 0.226119 0.890197
0.450724 0.317651 0.834234
0.650242 0.288535 0.702804
0.554397 0.193380 0.809474
0.680161 0.177243 0.711313
0.558374 0.317823 0.766294
0.274145 0.363911 0.890176
0.145614 0.352120 0.924559
-0.052277 0.204607 0.977447
0.492279 0.328113 0.806227
0.298709 0.245534 0.922218
0.443271 0.429666 0.786700
0.322561 0.393440 0.860906
0.077765 -0.317466 0.945076
0.028546 -0.225760 0.973765
-0.029106 -0.229035 0.972983
0.207752 -0.243616 0.947360
0.212145 -0.282105 0.935634
0.574973 0.403179 0.711936
0.410669 -0.028060 0.911353
0.986048 -0.166444 0.002629
0.976931 -0.200438 0.073698
0.302690 -0.821982 0.482415
0.642698 -0.764583 0.048511
0.651497 -0.757932 -0.033036
0.608910 -0.793012 0.018987
0.736140 -0.676800 0.006349
0.136882 -0.865396 0.482031
0.375511 -0.644130 0.666399
0.187464 -0.691695 0.697434
0.901636 -0.403920 -0.154602
0.836061 -0.538395 -0.105518
0.720166 -0.690725 -0.065270
0.766647 -0.639855 -0.053276
0.751451 -0.659403 0.022548
0.578581 -0.778603 0.242943
0.090467 -0.955211 0.281757
0.560650 -0.777059 0.286096
0.623484 -0.570354 0.534756
0.435636 -0.824828 0.360388
0.538726 -0.777379 0.324740
0.301075 -0.926866 0.224214
0.403335 -0.897840 0.176647
0.852419 -0.497837 -0.159812
0.842469 -0.499752 -0.201231
0.760575 -0.635420 -0.133290
0.504243 -0.862207 0.048347
0.542509 -0.839972 -0.011408
0.603304 -0.787681 0.124834
0.942989 -0.306779 -0.129070
0.926186 -0.324616 -0.191841
0.903698 -0.374611 -0.207355
0.912111 -0.365706 -0.185240
0.326284 0.223931 0.918365
0.161267 0.287675 0.944053
0.582554 0.093522 0.807393
0.449101 -0.034951 0.892797
0.502007 0.016988 0.864697
0.569425 0.004640 0.822030
0.279856 0.415758 0.865347
0.520402 0.120682 0.845351
0.523507 -0.187034 0.831239
0.321446 -0.450555 0.832870
0.368760 -0.350588 0.860874
0.553930 -0.144730 0.819887
0.590143 -0.039483 0.806333
0.569841 -0.074161 0.818402
0.541935 -0.029976 0.839886
0.455481 -0.350911 0.818168
0.450235 -0.181340 0.874302
0.534828 -0.075282 0.841601
0.301530 -0.314584 0.900065
0.267894 -0.286199 0.919958
0.202670 0.037234 0.978539
0.193038 -0.382333 0.903636
0.411361 -0.284396 0.865968
0.540080 -0.184086 0.821234
0.137328 -0.510520 0.848829
0.360985 -0.386573 0.848676
0.492069 -0.263536 0.829709
0.521896 -0.007625 0.852975
0.449188 0.133474 0.883411
0.514373 0.062868 0.855259
0.460235 0.346110 0.817553
0.200144 -0.086594 0.975932
0.179784 -0.405818 0.896097
0.159486 -0.803197 0.573968
0.273324 -0.398217 0.875624
0.149033 -0.843711 0.515694
0.088114 -0.827029 0.555211
0.099752 -0.884946 0.454885
0.318915 -0.580899 0.748899
0.423441 -0.358662 0.831901
0.043333 -0.945661 0.322255
0.448092 -0.404572 0.797205
0.448493 -0.440712 0.777577
0.299209 -0.669246 0.680135
-0.122540 -0.974158 0.189739
0.303783 -0.357245 0.883228
0.350662 -0.485507 0.800824
0.534816 0.047751 0.843618
0.000000 0.285287 0.958442
0.403088 0.792142 0.458292
0.541664 0.322249 0.776373
0.525565 0.299165 0.796418
0.332302 0.869979 0.364296
0.344800 -0.365541 0.864577
0.556358 0.159132 0.815563
0.543743 0.129427 0.829212
0.246026 0.961529 0.122205
0.225446 0.963984 0.141097
0.513074 0.275736 0.812850
0.192378 0.290049 0.937477
0.373904 0.275536 0.885594
0.405019 0.024471 0.913981
0.151882 0.716212 0.681156
0.502738 0.290406 0.814198
0.416558 0.719504 0.555692
0.370983 -0.212940 0.903896
0.315438 -0.103865 0.943245
0.317705 -0.462956 0.827487
0.325197 -0.524769 0.786680
0.396249 -0.332685 0.855750
0.978314 -0.152954 -0.139664
0.991702 -0.018393 -0.127235
0.993611 -0.075002 -0.084327
0.998637 -0.046916 -0.022885
0.958537 -0.175048 0.224866
0.986564 -0.131558 0.096875
0.999539 -0.016914 0.025217
0.999247 0.021278 0.032455
0.998230 0.058809 -0.008833
0.990113 -0.084685 0.111821
0.967665 -0.136963 0.211815
0.998475 0.052888 0.015861
0.990546 0.028564 0.134177
0.918086 -0.271785 0.288533
0.952065 -0.147443 0.268016
0.808832 -0.527754 0.259358
0.933492 -0.358392 -0.012143
0.856754 -0.466072 -0.220792
0.602983 -0.739055 -0.300349
0.641775 -0.764352 -0.062377
-0.014579 -0.830455 0.556895
0.235328 -0.226603 0.945131
0.045495 -0.925649 0.375639
0.325673 -0.909223 0.259326
0.225578 0.811454 0.539126
-0.152601 0.142907 0.977901
0.105970 0.879846 0.463295
-0.048777 0.099731 0.993818
0.078545 0.887802 0.453474
0.142400 0.021935 0.989566
0.091221 0.952673 0.289987
0.043043 0.966657 0.252432
0.895927 0.210812 0.390990
0.636910 0.486887 0.597734
0.311699 -0.183269 0.932339
-0.629701 -0.352856 0.692076
0.204073 -0.156133 0.966425
-0.433779 -0.867287 0.244231
0.639668 -0.173106 0.748905
-0.305733 0.928037 0.212778
-0.808044 0.579269 -0.107296
0.604918 0.141229 0.783664
0.663004 -0.036006 0.747749
0.939931 -0.336558 0.057081
0.161020 -0.375822 0.912595
0.709305 -0.690630 -0.141131
0.535573 0.757199 0.373914
0.164974 0.970677 0.174840
0.111263 0.954697 0.275997
-0.271911 0.294716 0.916082
0.688419 0.192969 -0.699172
0.687555 0.056848 -0.723904
0.996715 -0.059911 -0.054501
0.996687 -0.035079 -0.073386
0.965697 0.100916 -0.239260
0.868603 0.128230 -0.478629
0.886289 -0.085181 -0.455232
0.973709 -0.060263 -0.219679
0.976404 0.047519 -0.210661
0.000000 0.996979 0.077669
-0.162472 0.986304 0.028405
-0.154679 0.987852 0.014917
0.038965 0.999145 -0.013796
-0.156901 0.986472 0.047498
-0.042973 0.996080 0.077321
-0.089735 0.993810 0.065492
-0.162744 0.986616 0.010204
-0.196070 0.980459 0.016035
-0.015734 -0.987110 0.159271
-0.015637 -0.991212 0.131359
-0.000000 -0.995300 0.096841
0.031370 -0.990163 0.136353
0.089505 -0.989939 0.109589
0.123686 -0.990306 0.063216
0.117728 -0.992038 0.044721
0.136905 -0.990085 0.031451
0.320744 -0.946159 0.043657
0.172863 -0.983869 0.046057
-0.000000 -0.833038 -0.553216
0.075015 -0.809235 -0.582676
0.221289 -0.796095 -0.563262
0.324334 -0.774208 -0.543517
0.424902 -0.726626 -0.539883
0.486107 -0.713655 -0.504377
0.565844 -0.677094 -0.470494
0.656225 -0.642338 -0.395943
0.798103 -0.528951 -0.288517
0.881712 0.397987 -0.253358
0.889771 -0.381354 -0.250754
0.881712 0.397987 -0.253358
0.639939 0.724559 -0.255915
0.485896 0.794330 -0.364616
0.422829 0.791503 -0.441291
0.370459 0.790906 -0.487061
0.339261 0.776947 -0.530335
0.249700 0.793807 -0.554545
0.000000 0.810248 -0.586087
0.135890 0.804734 -0.577873
0.951390 0.269794 0.148557
0.912495 0.211582 0.350124
0.890137 -0.283542 0.356734
0.932126 -0.329835 0.149499
0.912495 0.211582 0.350124
0.951390 0.269794 0.148557
0.761111 0.568104 0.312998
0.780287 0.614722 0.115196
0.560393 0.773789 0.295315
0.619876 0.777625 0.105138
0.434487 0.850467 0.296524
0.472026 0.874874 0.108569
0.316222 0.903253 0.290066
0.334653 0.936127 0.108044
0.251553 0.922664 0.292253
0.292185 0.950078 0.109450
0.206104 0.928553 0.308726
0.248010 0.961871 0.115306
0.000000 0.992596 0.121460
0.000000 0.944851 0.327501
0.124123 0.938588 0.321942
0.148190 0.981673 0.119823
-0.000000 -0.933771 0.357870
0.000000 -0.995201 0.097851
0.036026 -0.932223 0.360086
0.026474 -0.994868 0.097657
0.125858 -0.921675 0.366980
0.125407 -0.986987 0.100643
0.223062 -0.902721 0.367883
0.235903 -0.966219 0.103780
0.349490 -0.863568 0.363464
0.380474 -0.918152 0.110618
0.438072 -0.824087 0.359129
0.462763 -0.878622 0.117790
0.563130 -0.747387 0.352559
0.601496 -0.789138 0.124356
0.850237 -0.508643 0.135569
0.814465 -0.466793 0.344602
0.686572 -0.641106 0.342930
0.729412 -0.672097 0.127454
0.457814 -0.882750 -0.105633
0.456194 -0.848555 -0.268034
0.597267 -0.796981 -0.089957
0.577901 -0.778004 -0.246456
0.727719 -0.682257 -0.070363
0.700934 -0.681289 -0.211038
0.847480 -0.528354 -0.051181
0.831617 -0.527361 -0.174080
0.919628 0.355189 -0.167705
0.946404 0.321481 -0.031134
0.926083 -0.375185 -0.040078
0.907498 -0.385801 -0.166146
0.946404 0.321481 -0.031134
0.919628 0.355189 -0.167705
0.757017 0.651715 -0.046829
0.712192 0.683903 -0.158303
0.627528 0.775643 -0.067725
0.572573 0.795522 -0.198256
0.475048 0.875878 -0.084652
0.451893 0.861442 -0.231754
0.339890 0.935762 -0.093935
0.336898 0.908514 -0.247187
0.302759 0.947712 -0.100892
0.293427 0.920130 -0.259348
0.253662 0.961244 -0.108003
0.234715 0.933210 -0.272081
-0.000000 0.956927 -0.290330
0.000000 0.993044 -0.117743
0.149663 0.982048 -0.114814
0.135706 0.948896 -0.284923
0.000000 -0.992696 -0.120646
-0.000000 -0.960036 -0.279877
0.031165 -0.991936 -0.122850
0.048476 -0.956867 -0.286454
0.129528 -0.983798 -0.123955
0.152319 -0.945556 -0.287616
0.374252 -0.884025 -0.280065
0.375800 -0.919572 -0.114727
0.236314 -0.964069 -0.121356
0.255807 -0.924067 -0.284013
0.445532 -0.637599 0.628466
0.568940 -0.577793 0.585203
0.721368 -0.420063 0.550614
0.806465 0.222406 0.547860
0.806412 -0.257693 0.532254
0.504236 -0.062940 0.861269
0.806465 0.222406 0.547860
0.403891 -0.141395 0.903814
0.632095 0.541202 0.554577
0.327988 0.004754 0.944670
0.453886 0.713397 0.533903
0.345251 0.752369 0.561019
0.259215 0.791735 0.553140
0.182155 0.801519 0.569549
0.134744 0.801824 0.582171
0.000000 0.809729 0.586805
0.079262 0.808829 0.582678
0.000000 0.058034 0.998315
0.000000 -0.720096 0.693874
0.047558 0.092202 0.994604
0.041945 -0.709562 0.703394
0.100750 0.040080 0.994104
0.106818 -0.705593 0.700520
0.146725 -0.010634 0.989120
0.171167 -0.702810 0.690478
0.335969 -0.676105 0.655749
0.262616 -0.006064 0.964881
0.199977 0.044901 0.978771
0.248746 -0.688379 0.681366
0.424320 -0.628333 -0.652036
0.089505 -0.989939 0.109589
0.474740 -0.597590 -0.646149
0.123686 -0.990306 0.063216
0.493373 -0.612297 -0.617799
0.117728 -0.992038 0.044721
0.534593 -0.585229 -0.609686
0.136905 -0.990085 0.031451
0.595316 -0.620911 -0.509970
0.172863 -0.983869 0.046057
0.038965 0.999145 -0.013796
0.649119 0.641234 -0.409223
0.795878 -0.425964 -0.430270
0.320744 -0.946159 0.043657
0.649119 0.641234 -0.409223
0.038965 0.999145 -0.013796
0.362380 0.814212 -0.453586
-0.196070 0.980459 0.016035
0.317846 0.770799 -0.552125
-0.162744 0.986616 0.010204
0.314476 0.742809 -0.591050
-0.154679 0.987852 0.014917
0.347654 0.672307 -0.653560
-0.162472 0.986304 0.028405
0.303234 0.687416 -0.659931
-0.156901 0.986472 0.047498
0.218580 0.679272 -0.700580
-0.089735 0.993810 0.065492
0.000000 0.996979 0.077669
0.000000 0.689619 -0.724173
0.114450 0.690719 -0.714009
-0.042973 0.996080 0.077321
0.000000 -0.705671 -0.708540
-0.000000 -0.995300 0.096841
0.078638 -0.703713 -0.706119
-0.015637 -0.991212 0.131359
0.031370 -0.990163 0.136353
0.348123 -0.647984 -0.677441
0.238694 -0.687876 -0.685457
-0.015734 -0.987110 0.159271
-0.935273 0.123343 0.331738
-0.799439 -0.188494 0.570409
-0.795727 -0.401701 -0.453271
-0.969855 -0.143042 0.197282
-0.208552 0.961686 0.177951
0.000000 -0.520411 0.853916
-0.248842 0.216018 -0.944147
-0.999319 0.030978 -0.020038
0.000000 -0.185536 -0.982637
0.198468 0.271177 0.941846
-0.974779 0.217614 0.049498
0.000000 0.943228 0.332146
-0.624449 -0.006807 0.781036
-0.951481 -0.117590 0.284352
-0.928762 0.135746 0.344926
-0.050753 -0.931463 0.360278
0.000000 0.035199 0.999380
0.000000 0.733888 0.679270
-0.980339 -0.065857 -0.186004
-0.826570 -0.561857 -0.033146
-0.462047 0.153014 -0.873556
-0.883808 0.076850 -0.461495
0.271911 0.294716 0.916082
0.334045 0.196393 0.921870
0.057003 -0.229789 0.971570
-0.142400 0.021935 0.989566
-0.504080 0.108595 0.856802
-0.453759 -0.259482 0.852509
-0.462352 -0.020431 0.886461
-0.663004 -0.036006 0.747750
0.010620 -0.942404 0.334309
-0.168679 -0.135184 0.976357
0.219126 -0.747696 0.626845
-0.980339 -0.065857 -0.186004
-0.967044 0.087320 0.239168
-0.904293 0.410753 0.116342
-0.700289 -0.701189 -0.133899
-0.930056 0.301243 -0.210355
-0.007771 0.999793 -0.018797
-0.684292 -0.505602 -0.525463
-0.971511 -0.127493 0.199777
-0.911066 0.109528 0.397444
-0.952712 0.029208 0.302467
-0.945801 0.023122 0.323922
-0.983726 0.139004 0.113845
-0.998068 -0.047984 0.039468
-0.883613 0.377342 -0.277202
-0.857026 -0.088125 -0.507681
-0.877985 0.185430 -0.441313
-0.043430 0.961550 -0.271174
-0.990995 -0.041542 0.127294
-0.903050 0.292118 -0.314911
-0.942188 0.278749 0.185960
-0.955011 -0.004890 0.296529
-0.948433 0.031262 0.315434
-0.976007 -0.019124 0.216900
-0.718538 -0.577413 0.387682
-0.991702 -0.018393 -0.127235
-0.979817 0.174027 0.098356
-0.998230 0.058809 -0.008833
-0.984876 -0.045133 0.167281
-0.949143 -0.314733 0.008420
-0.987063 -0.156154 0.036378
-0.970871 0.192898 0.142127
-0.966880 -0.215945 0.136058
-0.928213 -0.199749 0.313881
-0.955036 -0.019928 0.295821
-0.925248 -0.057994 0.374904
-0.874509 0.292685 -0.386742
-0.885194 0.459544 -0.072461
-0.708874 -0.524534 0.471551
-0.858544 -0.331088 0.391515
-0.912363 -0.407757 -0.036446
-0.717207 -0.356581 0.598719
-0.798841 -0.191054 0.570396
-0.876730 -0.232293 0.421171
-0.784802 -0.301011 0.541737
-0.854864 -0.259558 -0.449264
-0.722984 -0.445958 0.527651
-0.987661 -0.103047 0.117930
-0.904943 0.048348 0.422778
-0.872738 -0.315113 0.372870
-0.897967 -0.439022 -0.030245
-0.983646 -0.115265 0.138398
-0.722771 -0.493188 0.484115
-0.638581 -0.459765 0.617115
-0.829588 0.161011 -0.534658
-0.826790 0.337747 -0.449827
-0.314816 0.338282 -0.886823
-0.962478 -0.154020 -0.223413
-0.811908 -0.050897 -0.581563
-0.381669 -0.007687 -0.924267
-0.795169 -0.458591 -0.396737
0.263702 -0.227402 -0.937416
0.052148 -0.739073 -0.671604
-0.665317 -0.603288 -0.439769
-0.960473 0.124329 0.249065
-0.974838 0.184047 0.125765
-0.946581 0.267393 0.180239
-0.980437 -0.147465 0.130378
-0.689989 0.712176 0.129309
-0.923444 -0.376515 0.074086
-0.874430 0.367818 0.316358
-0.533907 0.795446 -0.286721
-0.956982 0.152731 0.246695
-0.943559 0.009861 0.331058
-0.773682 -0.573262 -0.269790
-0.767335 0.239828 0.594710
-0.963233 0.098511 0.249955
-0.991509 -0.108537 0.071624
-0.427788 -0.794663 0.430706
-0.459411 -0.750314 0.475365
-0.985432 0.103510 0.134939
-0.845305 -0.526547 -0.090601
-0.975165 0.045730 0.216705
-0.750645 0.641403 -0.158540
-0.979797 -0.199757 -0.009737
-0.836356 0.541408 0.085937
-0.902772 0.427029 0.051470
-0.978769 0.146769 0.143073
-0.986469 0.150347 0.065385
-0.960385 0.278438 0.011559
-0.558775 0.828105 -0.044860
-0.707996 0.596312 0.378357
-0.443709 -0.581221 -0.682132
-0.218060 0.648388 -0.729412
-0.730003 0.281428 -0.622811
-0.507320 0.647338 -0.568842
-0.135411 0.845343 -0.516778
-0.766727 -0.068987 -0.638255
-0.426001 -0.737705 -0.523752
-0.670633 0.149865 0.726493
-0.815992 0.072802 0.573461
-0.700383 0.557405 0.445828
-0.441738 0.795203 0.415356
-0.851589 0.235924 0.468119
-0.764006 0.453143 0.459300
-0.890321 0.066830 0.450402
-0.860215 0.357054 -0.364063
-0.807599 -0.522162 -0.274099
-0.514032 -0.853765 0.082805
-0.902848 0.035002 0.428533
-0.855854 0.007371 0.517164
-0.954109 -0.119841 0.274436
-0.794496 -0.538512 -0.280680
-0.950058 -0.250975 0.185475
-0.766529 -0.513946 0.385089
-0.411919 -0.424429 -0.806339
-0.377454 -0.272320 -0.885082
-0.717172 -0.473942 -0.510924
-0.761422 -0.530030 -0.373237
-0.779644 -0.285623 -0.557292
-0.961199 -0.141742 0.236653
-0.943139 -0.016746 0.331978
-0.817026 -0.281295 -0.503331
-0.764413 -0.243793 -0.596856
-0.594518 0.167471 0.786449
-0.829873 -0.271254 0.487578
-0.674183 -0.248315 0.695570
-0.641775 -0.764352 -0.062377
-0.940156 -0.288830 -0.180789
-0.602983 -0.739055 -0.300349
-0.930067 0.332895 -0.155423
-0.993055 0.019186 0.116073
-0.707994 0.435252 0.556147
-0.461840 -0.804225 -0.374068
-0.456620 -0.883707 -0.102762
-0.973683 0.071030 0.216555
-0.952168 -0.110378 0.284944
-0.808832 -0.527754 0.259357
-0.973167 -0.160203 0.165167
-0.917826 -0.143113 0.370289
-0.918086 -0.271785 0.288533
-0.964311 -0.069554 0.255473
-0.943868 -0.163482 0.287030
-0.952065 -0.147443 0.268016
-0.958537 -0.175048 0.224866
-0.854880 -0.486141 0.181240
-0.508520 -0.803833 0.308643
-0.841135 -0.344225 0.417135
-0.998475 0.052888 0.015861
-0.999247 0.021279 0.032455
-0.981815 -0.146620 0.120591
-0.571997 -0.459413 -0.679529
-0.967665 -0.136963 0.211815
-0.990546 0.028564 0.134177
-0.975529 0.145162 0.165142
-0.974727 -0.176852 0.136492
-0.968637 0.161278 0.189028
-0.882900 0.192757 0.428174
-0.522162 -0.843911 0.123132
-0.272007 -0.932859 0.236190
0.000000 -0.979851 0.199732
-0.984543 -0.068119 -0.161353
-0.974168 -0.067435 -0.215522
-0.963970 -0.095746 -0.248181
-0.433937 -0.467965 0.769876
-0.516776 -0.526145 0.675362
0.000000 -0.824471 0.565904
-0.358507 -0.756918 0.546396
-0.226966 -0.514822 0.826707
0.000000 -0.580842 0.814017
-0.247088 -0.553282 0.795504
-0.811315 -0.579052 -0.080425
-0.000000 -0.061781 -0.998090
0.000000 0.121777 -0.992558
-0.205180 -0.414142 -0.886785
0.000000 -0.268335 -0.963326
-0.578335 0.191101 -0.793101
-0.586495 0.088798 -0.805070
-0.213184 0.127287 -0.968685
-0.398134 -0.063141 -0.915152
-0.425673 0.117315 -0.897240
-0.195495 -0.065166 -0.978537
-0.382520 -0.256272 -0.887695
-0.212752 -0.262590 -0.941161
-0.391840 -0.404593 -0.826297
-0.886289 -0.085181 -0.455232
-0.970476 -0.179396 0.161227
-0.957282 -0.097371 0.272269
-0.984517 -0.175237 0.004224
-0.972635 -0.231511 0.019611
-0.798771 -0.348572 0.490369
-0.777012 -0.243298 0.580568
-0.894622 -0.203100 0.397997
-0.882008 -0.357072 0.307509
-0.846795 -0.160731 0.507054
-0.622322 -0.626609 0.469122
-0.632902 -0.405001 0.659855
-0.714751 -0.425683 0.554910
-0.743031 -0.326488 0.584218
-0.642698 -0.764583 0.048511
-0.823938 -0.524178 0.215320
-0.725937 -0.617826 0.302169
-0.736140 -0.676800 0.006349
-0.894402 -0.433765 0.109056
-0.958184 -0.265907 0.105717
-0.840547 -0.282283 0.462382
-0.913360 -0.278965 0.296566
0.000000 0.234020 -0.972232
-0.952522 -0.103807 -0.286229
-0.909222 -0.043731 -0.414008
-0.920522 -0.169987 -0.351773
-0.929267 -0.137178 -0.342994
-0.802489 -0.076649 -0.591723
-0.886554 -0.099004 -0.451907
-0.865645 -0.169427 -0.471120
-0.847409 -0.230792 -0.478155
-0.861562 -0.135177 -0.489324
-0.973709 -0.060263 -0.219679
-0.986946 -0.093294 -0.131281
-0.996715 -0.059910 -0.054501
-0.966254 -0.080383 -0.244728
-0.271403 0.125485 -0.954251
-0.798880 0.590324 -0.115359
-0.321839 0.875730 -0.359883
-0.336732 0.925480 -0.173488
-0.631494 0.775352 -0.006745
-0.495170 0.851507 -0.172462
-0.644685 0.748051 -0.157487
-0.198580 0.963748 -0.178200
0.000000 0.984498 -0.175398
-0.988150 -0.099280 -0.117063
-0.981824 -0.137410 -0.130924
-0.979202 -0.158832 -0.126237
-0.959754 0.270860 0.074215
-0.974779 0.217614 0.049498
-0.779630 -0.183352 -0.598798
-0.555193 -0.228180 -0.799809
-0.698758 -0.200421 -0.686708
-0.877689 0.472270 -0.081389
-0.945573 0.324316 0.026652
-0.956572 0.279028 -0.084336
-0.963718 0.266565 0.013836
-0.936383 0.349513 -0.032062
-0.833406 0.057156 -0.549698
-0.711627 0.126852 -0.691010
-0.712822 0.030309 -0.700690
-0.821898 -0.017687 -0.569360
-0.716245 -0.065237 -0.694793
-0.577971 -0.050044 -0.814521
-0.823477 0.506817 -0.254994
-0.907212 0.379691 -0.181111
-0.329128 0.769358 -0.547506
-0.987304 0.154327 0.037611
-0.977758 0.209646 -0.006183
-0.544088 0.660656 -0.517207
-0.675920 0.658353 -0.331216
-0.508557 0.786229 -0.351017
-0.694439 0.541717 -0.473601
-0.832229 0.406348 -0.377197
-0.000000 0.918672 -0.395021
-0.195793 0.904827 -0.378091
-0.992335 -0.075420 -0.097891
-0.978314 -0.152954 -0.139665
-0.564792 0.354394 -0.745262
-0.931750 0.073189 -0.355649
-0.929197 -0.005527 -0.369544
-0.975347 -0.007279 -0.220559
-0.974595 -0.087193 -0.206305
-0.844664 0.162658 -0.509985
-0.717342 0.258658 -0.646929
-0.373531 0.450967 -0.810619
-0.207205 0.310045 -0.927867
-0.402369 0.255777 -0.879021
0.000000 0.536440 -0.843938
0.000000 0.324092 -0.946026
-0.547794 0.515189 -0.659167
-0.181223 0.810249 -0.557363
-0.931228 0.184555 -0.314251
-0.923846 0.286286 -0.254064
-0.977586 0.100307 -0.185106
-0.970015 0.204322 -0.131623
-0.845062 0.275866 -0.458005
-0.707952 0.401117 -0.581300
-0.996232 0.038288 -0.077816
-0.994631 0.101726 0.018987
-0.990829 0.130856 -0.033684
-0.996921 -0.031934 -0.071622
-0.993277 -0.048924 -0.104919
-0.337586 0.621843 -0.706645
-0.193548 0.516283 -0.834261
-0.174113 0.678423 -0.713741
0.000000 0.826048 -0.563600
0.000000 0.690791 -0.723054
-0.930511 -0.219477 -0.293222
-0.733490 -0.178735 -0.655779
-0.617907 -0.143398 -0.773064
-0.913354 -0.075933 -0.400023
-0.790483 -0.119137 -0.600786
-0.937816 -0.157390 -0.309402
-0.000000 0.999942 0.010758
-0.765726 0.643162 0.002469
-0.735769 0.667673 0.113389
-0.916216 0.393863 0.073623
-0.919753 0.369585 0.132142
0.000000 0.943228 0.332146
0.000000 0.985798 0.167938
-0.873521 0.461926 0.153577
-0.812342 0.553678 0.183141
-0.828996 0.552096 0.089198
-0.613684 0.779049 0.128357
-0.712064 0.664851 0.225694
-0.877528 0.473165 0.077843
-0.846979 0.531597 0.005614
-0.898900 0.437855 0.016149
-0.325108 0.932899 0.154935
-0.429060 0.858431 0.281076
-0.194875 0.980825 0.002514
-0.172816 0.971556 0.161907
-0.347036 0.937837 -0.005240
-0.490658 0.871343 -0.003966
-0.479383 0.866352 0.140095
-0.278588 0.912717 0.298891
-0.152147 0.934732 0.321134
-0.578843 0.774221 0.255975
-0.552303 -0.372971 -0.745556
-0.844268 -0.287048 -0.452564
-0.858036 -0.351745 -0.374233
-0.771428 -0.280374 -0.571217
-0.804591 -0.343269 -0.484561
-0.693832 -0.350667 -0.628991
-0.765735 -0.335063 -0.548983
-0.691329 -0.308203 -0.653510
-0.755147 -0.301479 -0.582119
-0.565795 -0.385922 -0.728657
-0.663535 -0.317099 -0.677620
-0.864143 -0.306809 -0.398905
-0.822453 -0.237097 -0.517065
-0.856754 -0.466072 -0.220792
-0.912110 -0.365706 -0.185240
-0.852419 -0.497838 -0.159811
-0.964236 -0.171423 -0.202148
-0.929693 -0.326307 -0.170862
-0.974497 -0.219952 -0.044449
-0.960308 -0.255743 -0.111373
-0.968611 -0.246724 -0.030339
-0.940176 -0.339486 -0.028624
-0.957777 -0.225389 -0.178500
-0.966237 -0.229154 -0.117789
-0.925229 -0.290974 -0.243485
-0.899765 -0.322933 -0.293493
-0.964790 -0.218859 -0.145883
-0.930766 -0.312926 -0.189083
-0.926517 -0.245303 -0.285295
-0.947158 -0.257689 -0.191019
-0.475341 0.074651 -0.876629
-0.687555 0.056848 -0.723904
-0.691387 -0.082926 -0.717709
-0.394512 -0.266675 -0.879343
-0.574535 -0.222638 -0.787618
-0.421485 -0.123530 -0.898382
-0.524551 -0.339003 -0.780976
0.000000 -0.433503 -0.901152
-0.000000 0.136213 -0.990680
0.000000 -0.084150 -0.996453
0.000000 -0.405900 -0.913918
-0.205871 -0.286461 -0.935712
0.000000 -0.487516 -0.873114
-0.199213 -0.474467 -0.857435
-0.407232 -0.429332 -0.806124
-0.182391 -0.417215 -0.890317
-0.376785 -0.353125 -0.856350
-0.259178 -0.104877 -0.960119
-0.313150 -0.228337 0.921846
-0.500190 -0.157025 0.851559
-0.554504 -0.261038 0.790180
-0.400162 -0.485786 0.777099
-0.517149 -0.060134 0.853780
-0.449490 -0.169593 0.877039
-0.598593 -0.160543 0.784801
-0.536557 -0.320512 0.780627
-0.569768 -0.266026 0.777557
-0.365719 -0.034633 0.930081
-0.116573 -0.046647 0.992086
0.151854 0.131281 0.979646
0.338837 0.069631 0.938265
0.195765 0.154706 0.968371
0.377517 0.069114 0.923420
-0.113935 0.047775 0.992339
-0.056759 -0.010118 0.998337
-0.391215 -0.277278 0.877535
0.020111 0.141958 0.989668
0.122834 0.214488 0.968972
-0.381697 0.288701 0.878043
-0.257302 0.281171 0.924521
-0.118581 0.166542 0.978878
0.032515 0.001011 0.999471
-0.285734 0.026256 0.957949
-0.420478 0.101275 0.901633
-0.461839 0.368066 0.806990
-0.522996 0.166443 0.835926
-0.111175 -0.024710 0.993494
0.111767 0.004368 0.993725
-0.553930 -0.144730 0.819887
-0.160411 -0.050901 0.985737
0.007818 0.314013 0.949386
-0.650958 -0.155012 0.743119
0.000000 -0.979851 0.199732
-0.542509 -0.839972 -0.011408
-0.522162 -0.843911 0.123132
-0.272007 -0.932859 0.236190
-0.226738 -0.968153 0.106161
-0.875054 -0.461418 0.146195
-0.411729 0.095067 0.906334
-0.290269 0.030049 0.956473
-0.094207 -0.514111 0.852534
-0.000000 -0.248752 0.968567
-0.000000 -0.510574 0.859834
-0.516698 -0.183732 0.836221
-0.305744 0.383558 0.871438
0.014579 -0.830454 0.556897
-0.102052 -0.355485 0.929094
-0.210230 -0.490513 0.845695
-0.354984 -0.465491 0.810743
0.035565 -0.892710 0.449227
-0.131173 -0.704827 0.697146
0.087013 -0.216642 0.972366
0.190848 -0.296568 0.935748
-0.159456 0.966550 0.200887
-0.169778 0.978355 0.118307
-0.955394 -0.170387 0.241226
-0.402974 -0.438977 0.803064
0.433774 -0.867288 0.244237
-0.406295 -0.279661 0.869893
-0.481837 0.411200 0.773788
-0.179578 0.076957 0.980729
-0.556404 -0.185489 0.809944
-0.625364 -0.132380 0.769023
-0.604003 0.068922 0.793996
-0.622807 -0.148464 0.768160
0.000000 0.701867 0.712308
0.000000 0.673554 0.739138
-0.572893 -0.089475 0.814731
-0.671408 -0.294333 0.680132
0.000000 -0.483484 0.875353
0.000000 -0.261441 0.965219
-0.819993 0.339982 0.460460
-0.750666 0.295253 0.591038
-0.470195 0.202399 0.859041
-0.618608 0.300711 0.725876
-0.638344 0.218909 0.737967
-0.186867 0.251230 0.949718
-0.407116 0.254306 0.877260
-0.260208 0.152186 0.953484
-0.545103 0.213728 0.810668
-0.189538 0.183997 0.964479
-0.197209 0.129451 0.971777
0.007301 0.033429 0.999414
-0.093148 0.249081 0.963993
0.102278 0.022536 0.994501
-0.389567 0.314215 0.865741
-0.162563 0.265781 0.950228
-0.301532 -0.314584 0.900064
-0.320954 -0.284635 0.903311
-0.404828 -0.122604 0.906136
-0.500829 -0.054045 0.863857
-0.281205 -0.424058 0.860871
-0.492069 -0.263536 0.829709
-0.427806 -0.291341 0.855630
-0.127497 -0.268986 0.954668
-0.537090 -0.098688 0.837732
-0.487935 -0.174906 0.855177
-0.602596 -0.218022 0.767688
-0.622335 -0.262939 0.737266
-0.545703 -0.136421 0.826800
-0.558704 -0.123989 0.820047
-0.634783 -0.129111 0.761827
-0.613350 -0.261187 0.745375
-0.630105 -0.205338 0.748869
-0.450235 -0.181340 0.874302
-0.139541 0.012086 0.990143
-0.040867 0.115464 0.992471
-0.121302 0.125950 0.984593
-0.039888 0.133921 0.990189
-0.046659 0.155473 0.986738
-0.146124 0.220489 0.964382
-0.432521 -0.082351 0.897855
-0.490202 0.100196 0.865830
-0.467665 0.068383 0.881257
-0.305656 0.133435 0.942746
-0.306354 0.048397 0.950687
-0.116535 0.115056 0.986500
-0.403605 -0.219082 0.888317
-0.205734 -0.474682 0.855775
-0.370427 -0.074745 0.925850
-0.208402 -0.246155 0.946560
-0.203183 -0.076174 0.976173
-0.418504 -0.443508 0.792563
-0.454712 -0.026071 0.890257
-0.279513 0.052415 0.958710
-0.628408 -0.073047 0.774446
-0.000000 -0.008346 0.999965
-0.203835 0.111672 0.972615
-0.135119 0.014275 0.990727
-0.991371 0.071385 0.109949
-0.951615 -0.156737 0.264315
-0.928623 -0.298812 0.219933
-0.907739 -0.174697 0.381432
-0.956480 -0.270013 0.110628
-0.931619 -0.362670 -0.023609
-0.973047 -0.227614 0.037037
-0.989057 -0.117960 0.088608
-0.193158 0.143397 0.970632
-0.122514 0.005138 0.992454
-0.980411 -0.077530 0.181064
-0.975135 -0.153188 0.160142
-0.988855 -0.097694 0.112347
-0.989521 -0.075967 0.122789
-0.982659 -0.098195 0.157288
-0.836061 -0.538395 -0.105518
-0.895885 -0.441238 0.051955
0.000000 -0.996009 0.089252
-0.178658 -0.982429 0.053983
-0.311577 -0.947225 0.075398
-0.673899 -0.390746 0.627039
-0.623484 -0.570354 0.534757
-0.572486 -0.387158 0.722751
-0.536834 -0.201241 0.819336
-0.000000 -0.973560 0.228431
0.000000 -0.982446 0.186548
-0.152245 -0.978456 0.139445
-0.124920 -0.972579 0.196176
-0.261490 -0.957411 0.122421
-0.419251 -0.893658 0.160016
-0.247911 -0.952633 0.176154
-0.654390 -0.358020 0.666030
-0.973090 0.087820 0.213034
0.000000 0.752840 0.658203
-0.370477 0.315527 0.873607
-0.407343 0.309381 0.859276
-0.291775 0.242568 0.925218
-0.822482 0.117408 0.556542
-0.783334 0.115514 0.610774
-0.615899 0.312884 0.723030
-0.572905 0.252670 0.779703
-0.807421 0.148868 0.570884
-0.774882 0.092609 0.625285
-0.754959 -0.010245 0.655692
-0.687165 0.085166 0.721493
-0.533049 0.134652 0.835301
-0.705935 0.181977 0.684500
-0.354572 0.167878 0.919835
-0.767420 0.226636 0.599752
-0.673642 0.219829 0.705608
-0.797788 0.061213 0.599823
-0.716139 0.068039 0.694633
-0.743304 -0.039456 0.667789
0.000000 0.633459 0.773777
-0.703592 0.362452 0.611218
-0.897135 0.289124 0.333999
-0.843660 0.364942 0.393772
-0.750200 0.476920 0.457982
-0.641751 0.575116 0.507344
-0.507983 0.652620 0.562175
-0.359227 0.711906 0.603445
-0.466656 0.553238 0.690044
-0.106112 0.760509 0.640599
-0.911470 0.175135 0.372224
-0.652352 0.078999 0.753787
-0.939701 0.045720 0.338928
-0.821558 0.447009 0.353873
-0.882144 0.341457 0.324390
-0.841291 0.304029 0.446985
-0.902851 -0.105175 0.416890
-0.855397 -0.256553 0.449975
-0.831825 0.388190 0.396706
-0.849854 0.186846 0.492784
-0.840732 0.410468 0.353108
-0.832705 0.383307 0.399598
-0.743875 0.251021 0.619386
-0.805521 0.367754 0.464642
-0.857790 0.309616 0.410286
-0.828149 0.438302 0.349372
-0.824045 0.368373 0.430408
-0.107992 -0.901357 0.419395
-0.604230 -0.665155 0.438720
-0.158620 -0.337107 0.928008
-0.342926 -0.407667 0.846292
-0.349728 0.215840 0.911649
-0.208249 -0.211262 0.954987
0.423338 -0.373675 0.825319
-0.159889 -0.983513 0.084483
-0.646791 0.131442 0.751255
-0.362685 0.118073 0.924402
-0.832604 -0.264574 0.486592
-0.579463 0.219696 0.784829
-0.557077 0.060803 0.828232
-0.574833 0.212321 0.790245
-0.597792 0.237803 0.765568
-0.389436 0.527145 0.755287
-0.279991 0.486188 0.827784
0.808045 0.579269 -0.107292
-0.222128 0.209055 0.952342
-0.555378 0.201156 0.806903
-0.536459 0.210289 0.817307
-0.536505 0.339292 0.772686
-0.555155 0.231684 0.798828
-0.468868 0.326433 0.820734
-0.504888 0.156397 0.848898
-0.362238 0.253581 0.896928
-0.497181 0.020549 0.867404
-0.719119 -0.425915 0.549057
-0.750357 -0.291234 0.593420
-0.752349 -0.114848 0.648676
-0.706163 -0.145031 0.693037
-0.711947 -0.219099 0.667178
-0.951528 0.138503 0.274610
0.000000 0.602964 0.797768
-0.912739 0.204290 0.353798
-0.862521 0.267079 0.429798
-0.802986 0.321261 0.502001
-0.707494 0.407375 0.577492
-0.747481 0.307999 0.588565
-0.554356 0.399226 0.730279
-0.600169 0.484712 0.636279
-0.322225 0.598285 0.733639
-0.059935 0.608160 0.791549
-0.198798 0.616384 0.761939
-0.924877 0.157071 0.346311
0.000226 -0.275884 0.961191
0.021490 -0.480096 0.876953
0.096842 -0.196651 0.975679
0.229856 -0.096126 0.968466
0.295664 -0.182014 0.937792
-0.433323 -0.482227 0.761373
-0.939931 -0.336557 0.057082
-0.301151 -0.532736 0.790886
0.147151 0.592320 0.792151
-0.111264 0.954697 0.275996
0.186766 0.376807 0.907268
0.107400 -0.187310 0.976412
-0.045883 -0.042531 0.998041
0.133070 0.045369 0.990068
0.178203 0.101325 0.978763
-0.111145 0.298032 0.948063
-0.105754 0.232976 0.966715
0.052277 0.204607 0.977447
0.166136 0.100251 0.980994
0.200967 0.185960 0.961785
0.259094 0.330387 0.907588
0.187847 0.630008 0.753528
-0.773579 0.463084 0.432585
-0.609218 0.539684 0.581029
-0.364800 0.626172 0.689079
-0.593055 0.576151 0.562438
-0.350188 0.661226 0.663436
-0.770031 0.450064 0.452211
-0.738643 0.413454 0.532412
-0.613913 -0.090471 0.784172
-0.724962 0.196773 0.660083
-0.751822 0.406635 0.519050
-0.574828 0.502498 0.645809
-0.330708 0.653437 0.680920
-0.589470 0.576994 0.565335
-0.494443 -0.421953 0.759922
-0.355510 0.578742 0.733942
-0.592439 0.496734 0.634249
-0.678032 0.426978 0.598300
0.000000 0.300306 0.953843
0.000001 -0.174710 0.984620
-0.360383 0.262921 0.894984
-0.025120 0.230992 0.972631
-0.000000 0.217769 0.976000
-0.155964 0.022409 0.987509
-0.477941 -0.527498 0.702366
0.000000 -0.619481 0.785011
0.000000 -0.005220 0.999986
0.000000 -0.526602 0.850112
-0.062806 0.402712 0.913169
0.056024 0.389638 0.919263
-0.000000 0.389419 0.921061
0.075127 0.517712 0.852250
0.000000 0.537772 0.843090
-0.340802 -0.161094 0.926231
-0.493946 -0.157875 0.855040
-0.443153 -0.559183 0.700664
-0.318873 0.531781 0.784557
-0.576467 0.249663 0.778045
-0.058598 -0.320310 0.945499
-0.095565 -0.140418 0.985470
-0.436825 -0.072204 0.896644
-0.107042 -0.048446 0.993074
-0.085586 -0.056537 0.994725
-0.046013 -0.022958 0.998677
-0.100464 -0.134767 0.985771
0.000000 -0.021977 0.999759
-0.000000 -0.105166 0.994455
-0.090705 -0.241126 0.966246
-0.136541 -0.219989 0.965899
-0.169191 -0.049974 0.984316
-0.212145 -0.282105 0.935634
-0.294117 -0.148374 0.944182
-0.512303 0.381570 0.769383
-0.346351 0.344743 0.872464
-0.197044 0.304069 0.932049
-0.114551 0.293644 0.949027
-0.107269 0.296022 0.949139
-0.182375 0.264596 0.946957
-0.395499 0.226119 0.890197
-0.323583 0.194205 0.926055
-0.234970 0.255761 0.937750
0.000000 0.604493 0.796610
-0.321648 0.571304 0.755086
-0.639131 0.386174 0.665118
-0.397468 0.311608 0.863087
-0.564878 0.343819 0.750134
-0.219407 0.295985 0.929653
-0.116896 0.305288 0.945058
-0.133636 0.285401 0.949046
-0.255041 0.219915 0.941590
-0.467886 0.090252 0.879168
-0.643300 0.039193 0.764611
-0.629925 -0.018225 0.776442
-0.515591 0.093108 0.851761
-0.733405 -0.080457 0.675014
-0.815774 -0.117761 0.566255
-0.769188 0.005076 0.639003
-0.876467 -0.018814 0.481094
-0.592695 0.422826 0.685515
-0.443272 0.429666 0.786700
-0.555682 0.492490 0.669830
-0.613880 0.411486 0.673670
-0.643430 0.423383 0.637765
-0.525889 0.434024 0.731481
-0.000000 0.490721 0.871317
-0.574973 0.403179 0.711936
-0.302162 0.470267 0.829185
-0.249436 0.203304 0.946810
-0.578548 0.262167 0.772367
-0.463910 0.177842 0.867848
-0.979121 0.167934 0.114548
-0.955021 0.246627 0.164652
-0.919753 0.369585 0.132142
-0.959754 0.270860 0.074215
-0.987304 0.154327 0.037611
-0.968194 0.141781 0.206152
-0.917294 0.326827 0.227501
-0.938986 0.221668 0.263000
-0.866911 0.423611 0.262716
-0.782421 0.534925 0.318862
-0.676628 0.636112 0.370859
-0.551681 0.726842 0.409083
-0.394027 0.807777 0.438451
-0.812342 0.553678 0.183141
-0.873521 0.461926 0.153577
-0.578843 0.774221 0.255975
-0.712064 0.664851 0.225694
-0.429060 0.858431 0.281076
-0.152147 0.934732 0.321134
-0.117054 0.876695 0.466587
-0.239225 0.744882 0.622835
-0.278588 0.912717 0.298891
-0.244938 0.854173 0.458687
-0.984132 0.098132 0.147832
-0.989438 0.111794 0.092271
-0.969379 0.058470 0.238505
-0.995813 -0.069578 0.059286
-0.998637 -0.046916 -0.022885
-0.999539 -0.016914 0.025217
-0.992335 -0.075420 -0.097891
-0.995594 -0.077054 -0.053431
-0.996530 -0.025279 0.079302
-0.996447 -0.084122 0.004216
-0.994798 0.077765 0.065804
-0.994631 0.101726 0.018987
-0.999713 -0.014538 -0.019067
-0.999319 0.030978 -0.020038
-0.996921 -0.031934 -0.071622
-0.998881 0.025078 0.040100
-0.999321 -0.005114 0.036500
-0.995076 -0.046608 0.087478
-0.984399 0.064556 0.163677
-0.996275 0.037078 0.077856
-0.992200 0.021341 0.122818
-0.474657 0.273573 0.836575
-0.425466 0.206284 0.881150
-0.541394 -0.212669 0.813427
-0.569411 -0.177401 0.802683
-0.189510 -0.056392 0.980258
-0.000000 -0.086227 0.996276
-0.533661 -0.157975 0.830813
-0.503556 -0.143839 0.851905
-0.493827 -0.164978 0.853766
-0.472734 -0.160248 0.866512
-0.521076 -0.218911 0.824960
-0.238424 0.225082 0.944718
-0.000000 -0.047537 0.998870
-0.412263 -0.217952 0.884611
-0.433347 -0.216013 0.874956
-0.412816 -0.162679 0.896169
-0.514229 -0.108871 0.850715
-0.524048 -0.129669 0.841760
-0.422184 -0.112733 0.899473
-0.314747 -0.072331 0.946416
-0.480090 -0.097288 0.871808
-0.401032 -0.230390 0.886620
-0.266829 -0.264700 0.926680
-0.528176 -0.046848 0.847842
-0.435632 0.012315 0.900041
-0.333630 0.159071 0.929187
-0.510024 -0.042214 0.859124
-0.491776 -0.107345 0.864080
-0.440876 0.091799 0.892861
-0.396413 0.326182 0.858174
-0.369379 0.296355 0.880757
-0.337373 0.394918 0.854529
-0.163977 0.250533 0.954120
-0.442963 0.376239 0.813774
-0.441822 0.257336 0.859402
-0.482730 0.339664 0.807217
-0.430468 0.270991 0.860965
-0.474125 0.357419 0.804647
-0.460235 0.346110 0.817553
-0.444120 0.384013 0.809501
-0.591461 0.024921 0.805948
-0.599856 -0.547432 0.583516
-0.491533 0.185540 0.850865
-0.285123 0.099415 0.953321
-0.420382 -0.347936 0.837986
0.402541 -0.870297 0.283803
-0.116778 -0.964476 0.236956
0.161050 -0.948664 0.272212
-0.809511 0.224830 0.542350
-0.675934 -0.124982 0.726287
-0.503260 -0.431154 0.748889
-0.872239 0.074727 0.483337
-0.679987 -0.725512 0.106064
-0.728615 -0.666241 0.158882
-0.723210 -0.690505 0.013058
-0.808675 -0.563240 0.169724
-0.294532 -0.554282 0.778474
-0.269971 -0.742928 0.612515
-0.264587 -0.619170 0.739339
-0.469485 -0.725283 0.503536
-0.707132 -0.423556 0.566184
-0.778178 -0.230053 0.584393
0.139404 -0.820285 0.554707
-0.257555 -0.656935 0.708591
0.184924 -0.277847 0.942658
-0.767109 -0.096499 0.634218
-0.474497 -0.597806 0.646127
-0.578990 -0.511899 0.634611
0.000000 -0.999718 0.023761
-0.469877 -0.869255 0.153662
-0.848874 -0.146024 0.508026
-0.787608 -0.154734 0.596431
-0.820306 -0.291635 0.491983
-0.777955 -0.203305 0.594520
0.000000 -0.996966 0.077837
-0.213397 -0.976736 0.021199
-0.504243 -0.862207 0.048347
-0.405689 -0.913821 0.018627
-0.352584 -0.935479 0.023761
-0.718296 -0.686280 0.114327
-0.844157 -0.469266 0.259208
-0.786591 -0.450638 0.422138
-0.888692 -0.301232 0.345668
-0.839793 -0.190961 0.508214
-0.913823 -0.123550 0.386862
-0.835804 -0.147852 0.528746
-0.906971 -0.148750 0.394052
-0.897615 -0.120492 0.423992
-0.876411 0.188844 0.442991
-0.781783 0.188119 0.594497
-0.842735 0.161447 0.513549
-0.955397 -0.101383 0.277379
-0.976173 -0.088931 0.197932
-0.949262 -0.104107 0.296755
-0.941809 -0.039726 0.333794
-0.880023 0.113124 0.461261
-0.865653 0.185218 0.465123
-0.936501 0.069116 0.343785
-0.978451 -0.089350 0.186148
-0.971788 -0.097017 0.214977
-0.966803 -0.054487 0.249646
-0.967391 0.017687 0.252668
-0.921458 0.082075 0.379709
-0.950219 0.074577 0.302525
-0.888179 0.108203 0.446576
-0.920430 0.110600 0.374936
-0.000000 0.462538 0.886600
-0.413262 0.444997 0.794476
-0.842435 0.177300 0.508791
-0.875786 0.189644 0.443885
-0.783021 0.243749 0.572245
-0.823097 0.252414 0.508722
-0.657571 0.353783 0.665160
-0.266006 0.460814 0.846694
-0.038289 0.460032 0.887077
-0.161109 0.456566 0.874981
0.000000 0.370830 0.928701
-0.232129 0.375208 0.897405
-0.495544 0.314895 0.809492
-0.355255 0.345768 0.868469
-0.596686 0.313671 0.738632
-0.692480 0.297894 0.657062
-0.212040 0.315917 0.924789
-0.104869 0.307533 0.945741
-0.031431 0.370535 0.928287
-0.136451 0.375236 0.916831
-0.991293 -0.026727 0.128938
-0.972830 0.045326 0.227042
-0.980826 0.016622 0.194174
-0.949734 0.071990 0.304668
0.000000 0.254498 0.967073
0.000000 0.149056 0.988829
-0.128444 0.275381 0.952716
-0.105407 0.124722 0.986577
-0.852540 0.143275 0.502640
-0.880974 0.143191 0.450978
-0.847673 0.146056 0.510018
-0.345733 0.331350 0.877881
-0.286029 0.254022 0.923937
-0.230096 0.303774 0.924542
-0.177336 0.171383 0.969113
-0.822163 0.170583 0.543093
-0.661606 0.322256 0.677074
-0.763419 0.239572 0.599830
-0.734384 0.237925 0.635666
-0.530223 0.372877 0.761463
-0.462401 0.351506 0.814020
-0.428053 0.361618 0.828253
-0.009958 0.252791 0.967470
-0.055094 0.126049 0.990493
-0.023409 0.147335 0.988810
-0.053275 0.255762 0.965271
-0.018625 0.288096 0.957420
-0.023191 0.308519 0.950936
-0.285123 0.315992 0.904906
-0.325221 0.301397 0.896321
-0.903481 0.132684 0.407575
-0.928657 0.105362 0.355662
-0.877777 0.136591 0.459184
-0.897043 0.110664 0.427863
-0.842460 0.159779 0.514521
-0.863195 0.130530 0.487704
-0.480778 0.342469 0.807197
-0.532102 0.293694 0.794110
-0.398228 0.324299 0.858047
-0.444158 0.283211 0.850009
-0.576362 0.338951 0.743586
-0.629068 0.302075 0.716257
-0.788875 0.212436 0.576669
-0.814622 0.187213 0.548946
-0.694640 0.285501 0.660276
-0.740516 0.256189 0.621292
-0.915417 0.136373 0.378701
-0.000000 0.287774 0.957698
-0.078777 0.295291 0.952154
-0.167833 0.306943 0.936813
-0.992724 -0.099922 0.067191
-0.990113 -0.084685 0.111821
-0.975810 -0.214272 -0.043391
-0.942989 -0.306779 -0.129070
-0.948964 -0.301972 -0.090994
-0.992505 -0.091816 0.080652
-0.992402 -0.096037 0.076908
-0.991701 -0.126898 0.020648
-0.996634 -0.037722 0.072790
-0.987323 -0.097626 0.125149
-0.986819 -0.034718 0.158060
-0.988001 0.045078 0.147726
-0.960942 0.084486 0.263538
-0.886778 0.161857 0.432928
-0.997602 0.008727 0.068664
-0.990351 0.039184 0.132925
-0.963051 0.091168 0.253419
-0.961730 0.108527 0.251589
-0.935642 0.109949 0.335388
-0.337715 -0.094238 0.936519
-0.535775 -0.234386 0.811177
-0.282745 -0.104715 0.953462
0.111191 -0.075595 0.990920
-0.333207 0.128971 0.933991
-0.618322 -0.240358 0.748268
-0.589388 -0.256643 0.766000
-0.014205 0.246927 0.968930
-0.003481 0.177769 0.984066
0.067287 0.130976 0.989100
-0.272464 0.194337 0.942336
-0.157791 0.207534 0.965418
-0.169079 0.134369 0.976400
-0.618341 -0.162936 0.768834
-0.578756 0.138592 0.803638
0.034543 -0.214007 0.976221
0.033459 -0.309389 0.950347
-0.034979 -0.178704 0.983281
-0.067748 -0.132786 0.988827
-0.135531 -0.057681 0.989093
-0.303383 -0.049264 0.951594
-0.466008 -0.060921 0.882681
-0.540392 -0.203908 0.816332
-0.422533 -0.167907 0.890659
-0.647151 -0.137290 0.749898
-0.552690 0.028636 0.832895
-0.582235 -0.121450 0.803898
-0.705473 -0.156419 0.691261
-0.619356 0.024392 0.784731
-0.650242 0.288535 0.702804
-0.556197 0.313234 0.769759
-0.553958 0.266141 0.788859
-0.331575 0.313347 0.889872
-0.450724 0.317651 0.834234
-0.413106 0.305319 0.857976
-0.785054 0.153721 0.600050
-0.274146 0.363911 0.890176
-0.132857 0.293468 0.946692
-0.079638 0.241846 0.967041
-0.070970 0.162739 0.984114
-0.088483 0.241929 0.966251
-0.137294 0.263615 0.954808
-0.235697 0.270071 0.933546
-0.554397 0.193380 0.809474
-0.558374 0.317823 0.766294
-0.680161 0.177243 0.711313
-0.211144 -0.043071 0.976506
0.074536 0.152154 0.985542
-0.322562 0.393440 0.860906
-0.145614 0.352120 0.924558
-0.474619 0.179443 0.861706
-0.298710 0.245535 0.922217
-0.492280 0.328114 0.806227
-0.103037 0.250638 0.962582
-0.077765 -0.317466 0.945076
0.159590 -0.199293 0.966858
-0.109119 -0.370977 0.922209
-0.207752 -0.243616 0.947360
0.029106 -0.229035 0.972983
-0.028544 -0.225760 0.973765
-0.410669 -0.028060 0.911353
-0.991425 -0.122490 0.045526
-0.986047 -0.166444 0.002629
-0.973415 -0.226958 -0.030879
-0.811315 -0.579052 -0.080425
-0.375511 -0.644130 0.666399
-0.642698 -0.764583 0.048511
-0.736140 -0.676800 0.006349
-0.720166 -0.690725 -0.065270
-0.651497 -0.757932 -0.033036
-0.136883 -0.865396 0.482030
-0.187464 -0.691695 0.697434
-0.760575 -0.635421 -0.133290
-0.842469 -0.499752 -0.201231
-0.751451 -0.659404 0.022549
-0.766647 -0.639855 -0.053276
-0.194502 -0.942985 0.270088
-0.000000 -0.884468 0.466601
-0.090467 -0.955211 0.281757
-0.000000 -0.952395 0.304866
-0.302690 -0.821982 0.482415
-0.660927 -0.582126 0.473608
-0.521485 -0.609270 0.597364
-0.435636 -0.824828 0.360388
-0.301076 -0.926866 0.224215
-0.560650 -0.777059 0.286096
-0.403335 -0.897840 0.176647
-0.538726 -0.777379 0.324740
-0.852419 -0.497838 -0.159811
-0.674206 -0.613708 0.410864
-0.578581 -0.778603 0.242943
-0.603304 -0.787681 0.124834
-0.700359 -0.659489 0.273076
-0.608910 -0.793012 0.018987
-0.901636 -0.403920 -0.154602
-0.874349 -0.453772 -0.172063
-0.926186 -0.324617 -0.191842
-0.903698 -0.374611 -0.207355
-0.912110 -0.365706 -0.185240
0.000000 -0.089376 0.995998
0.000001 0.291104 0.956692
-0.200144 -0.086594 0.975932
-0.423441 -0.358662 0.831901
-0.523507 -0.187034 0.831239
-0.321447 -0.450555 0.832870
-0.000000 -0.423081 0.906092
-0.582554 0.093522 0.807393
-0.569425 0.004640 0.822030
-0.449100 -0.034951 0.892798
-0.303784 -0.357245 0.883228
-0.590143 -0.039483 0.806333
-0.543743 0.129427 0.829212
-0.090334 0.506712 0.857370
-0.279857 0.415758 0.865347
-0.520402 0.120681 0.845351
-0.521897 -0.007625 0.852975
-0.368761 -0.350588 0.860874
-0.587060 -0.092700 0.804218
-0.000000 -0.558750 0.829336
-0.569841 -0.074161 0.818402
-0.541934 -0.029976 0.839886
-0.455482 -0.350911 0.818167
-0.534829 -0.075283 0.841600
-0.450882 -0.047645 0.891311
-0.267895 -0.286199 0.919958
-0.202670 0.037234 0.978539
-0.411361 -0.284396 0.865968
-0.534815 0.047751 0.843619
-0.137328 -0.510520 0.848829
-0.193038 -0.382333 0.903636
-0.360985 -0.386573 0.848676
-0.540080 -0.184087 0.821235
-0.514373 0.062868 0.855259
-0.161267 0.287675 0.944053
0.000001 0.624947 0.780667
-0.326284 0.223931 0.918365
-0.370982 -0.212940 0.903897
-0.396249 -0.332685 0.855750
-0.485837 0.286440 0.825781
-0.449188 0.133474 0.883411
-0.317706 -0.462956 0.827487
-0.159487 -0.803197 0.573968
-0.179784 -0.405818 0.896097
-0.273324 -0.398217 0.875624
-0.149034 -0.843712 0.515694
-0.088115 -0.827029 0.555211
-0.000000 -0.875116 0.483913
-0.000000 -0.444492 0.895783
-0.099752 -0.884946 0.454885
-0.318915 -0.580899 0.748899
-0.322108 -0.637402 0.699976
0.040986 -0.979681 0.196329
-0.043333 -0.945661 0.322255
-0.448092 -0.404572 0.797205
-0.448493 -0.440712 0.777578
-0.299210 -0.669246 0.680135
-0.362153 -0.562817 0.743023
0.363149 -0.902947 0.229804
0.122540 -0.974158 0.189739
-0.350664 -0.485507 0.800823
-0.502738 0.290407 0.814198
-0.403088 0.792142 0.458292
-0.541664 0.322249 0.776373
-0.332302 0.869979 0.364297
-0.525565 0.299165 0.796418
-0.344800 -0.365541 0.864577
-0.502010 0.016989 0.864695
-0.283912 0.769700 0.571800
-0.556358 0.159132 0.815563
-0.513073 0.275737 0.812850
-0.246026 0.961529 0.122205
-0.225445 0.963984 0.141097
-0.405019 0.024471 0.913981
-0.305881 0.711048 0.633126
-0.192378 0.290049 0.937477
-0.151882 0.716212 0.681156
-0.373904 0.275536 0.885593
-0.416558 0.719504 0.555692
-0.315438 -0.103865 0.943245
-0.325197 -0.524769 0.786680
-0.978314 -0.152954 -0.139665
-0.991702 -0.018393 -0.127235
-0.993611 -0.075003 -0.084327
-0.986564 -0.131558 0.096875
-0.958537 -0.175048 0.224866
-0.988125 -0.126635 0.087023
-0.998230 0.058809 -0.008833
-0.990546 0.028564 0.134177
-0.967665 -0.136963 0.211815
-0.998454 -0.002981 0.055500
-0.999247 0.021279 0.032455
-0.996036 -0.022156 0.086143
-0.998475 0.052888 0.015861
-0.976931 -0.200437 0.073698
-0.952065 -0.147443 0.268016
-0.918086 -0.271785 0.288533
-0.933492 -0.358392 -0.012143
-0.808832 -0.527754 0.259357
-0.856754 -0.466072 -0.220792
-0.641775 -0.764352 -0.062377
-0.602983 -0.739055 -0.300349
-0.235328 -0.226603 0.945131
0.133103 -0.273738 0.952550
0.015710 -0.898749 0.438183
-0.336294 -0.276221 0.900338
-0.045495 -0.925649 0.375638
0.041145 -0.269251 0.962191
-0.325673 -0.909224 0.259326
-0.105970 0.879846 0.463295
-0.414488 0.018132 0.909874
-0.078546 0.887802 0.453473
0.152601 0.142907 0.977901
-0.240188 -0.008364 0.970690
-0.043044 0.966656 0.252434
-0.091221 0.952673 0.289987
0.048777 0.099731 0.993818
-0.535574 0.757198 0.373913
-0.895928 0.210810 0.390989
-0.636911 0.486890 0.597731
-0.311699 -0.183269 0.932339
0.753242 -0.432063 0.495931
-0.204071 -0.156128 0.966426
0.629701 -0.352852 0.692078
-0.639668 -0.173106 0.748905
-0.225580 0.811454 0.539125
0.305732 0.928037 0.212781
-0.604918 0.141229 0.783664
-0.208929 0.844764 0.492668
-0.161021 -0.375822 0.912595
-0.012241 -0.090782 0.995796
-0.709305 -0.690629 -0.141131
0.239875 -0.197901 0.950418
-0.080571 0.654401 0.751843
-0.164974 0.970677 0.174840
-0.868603 0.128230 -0.478629
-0.688419 0.192968 -0.699173
-0.976404 0.047519 -0.210661
-0.996687 -0.035078 -0.073386
-0.965697 0.100916 -0.239261
