Rightface
{
19008 11778 16562 14431 13693 16563 14030 17797 12962 20628
15757 18168 14137 18167 12106 14642 19424 12103 16813 13758 12104 16812 14031 17801 12965 20632 15771 21020 13211 21021
15301 20442 15645 18033 13114 20871 13113 20870 15642 18030 14098 18028 11479 17824 14038 17827 12983 20664 12985 20663 15755 16855 12155 16858 14676 19489 12154
11147 17674 13997 17677 15335 12861 15505 12957 17793 15428 20622 15427 20621 15454 12981 20656 11475 20615 12952 17783 11460 18694 12874
11145 18066 14109 18068 13140 20912 12032 19316 14588 19317 12033 19411 14632 16802 12096 16801 11199 20726 16222 13574 21585 12080 19388 14621 19387 14620 11183 20586 12935 17767
18712 16234 19250 11135 19249 15682 20923 13146 20924 13143 20914 15676 20902 13134 18056 14106 17887 14057 17889 13027 20729 15514 17794 14029 12070 19373 11185 15465 20673 15466 17748 14016
20538 12901 15372 20537 20536 11464 20955 20554 15706 12913 20956 15707 20957 20920 13145 20919 13144 18073 14111 18071 15508 18789 11596 18790 14322 16330 13634 11599 14032 12970 15446 12976 17847 12998 15476
19054 11820 18092 13158 20942 12904 14011 17731 15377 19385 14619 19383 14618 19382 15498 17871 14052 17869 14748 19625 14747 12251 17735 12907 20548 12909 15383 17739 14013 11294 15447 17815 14035 11621 16352
}