264,431,263,
265,431,264,
266,431,265,
267,431,266,
421,432,223,
223,432,222,
222,432,269,
267,432,431,
268,432,267,
269,432,268,
258,430,257,
258,431,430,
259,431,258,
260,431,259,
261,431,260,
262,431,261,
263,431,262,
224,421,223,
251,430,429,
253,430,251,
254,430,253,
255,430,254,
256,430,255,
257,430,256,
422,421,224,
248,249,427,
252,253,251,
422,224,225,
250,429,249,
249,429,428,
249,428,427,
251,429,250,
423,226,227,
243,244,426,
244,245,426,
246,247,245,
245,247,426,
426,247,427,
247,248,427,
226,422,225,
423,422,226,
433,480,270,
223,222,434,
478,267,266,
479,268,267,
222,269,433,
480,269,268,
433,269,480,
480,268,479,
434,222,271,
477,266,265,
479,267,478,
271,222,433,
478,266,477,
476,265,264,
477,265,476,
475,264,263,
476,264,475,
474,263,262,
475,263,474,
270,480,482,
473,262,261,
474,262,473,
271,433,216,
473,261,472,
315,478,477,
316,479,478,
482,480,317,
317,480,479,
317,479,316,
314,477,476,
316,478,315,
242,243,426,
472,261,260,
315,477,314,
472,260,471,
313,476,475,
216,433,270,
314,476,313,
312,475,474,
313,475,312,
215,270,482,
312,474,311,
471,260,259,
311,474,473,
471,259,470,
310,473,472,
311,473,310,
216,270,215,
224,223,435,
310,472,309,
470,259,258,
309,472,471,
470,258,469,
309,471,308,
210,314,313,
211,314,210,
212,314,211,
212,315,314,
213,315,212,
482,317,214,
213,316,315,
317,316,214,
214,316,213,
435,223,434,
216,215,482,
209,313,312,
208,312,311,
210,313,209,
308,471,470,
30,216,31,
308,470,307,
209,312,208,
207,311,310,
469,258,257,
469,257,468,
435,434,272,
16,216,214,
208,311,207,
216,482,214,
307,470,469,
206,310,309,
207,310,206,
272,434,271,
31,216,16,
307,469,306,
205,309,308,
398,212,211,
397,212,398,
16,214,396,
214,213,396,
396,213,212,
396,212,397,
206,309,205,
399,211,210,
398,211,399,
400,210,209,
399,210,400,
400,209,325,
468,257,256,
468,256,467,
272,271,217,
325,209,208,
241,242,426,
327,400,325,
29,216,30,
217,271,216,
204,308,307,
205,308,204,
306,469,468,
325,207,353,
325,208,207,
17,16,396,
306,468,305,
353,207,206,
401,400,327,
203,307,306,
204,307,203,
353,206,205,
419,17,396,
28,216,29,
217,216,28,
467,256,466,
466,256,255,
304,468,467,
305,468,304,
31,16,17,
353,205,204,
18,17,419,
202,306,305,
203,306,202,
418,18,419,
353,204,203,
353,203,352,
18,31,17,
30,31,18,
402,401,327,
217,28,27,
304,467,303,
303,467,466,
325,353,354,
19,18,418,
201,305,304,
202,305,201,
466,255,465,
465,255,254,
352,203,202,
417,19,418,
352,202,351,
19,30,18,
29,30,19,
201,304,200,
26,217,27,
351,202,201,
200,304,303,
351,201,350,
303,466,302,
302,466,465,
20,19,417,
419,396,56,
56,396,397,
321,403,327,
218,217,26,
403,402,327,
57,397,398,
419,56,79,
465,254,464,
464,254,253,
57,56,397,
79,56,57,
20,417,416,
418,419,79,
29,19,20,
349,201,200,
350,201,349,
78,79,58,
79,57,58,
58,57,398,
325,354,355,
200,303,199,
58,398,399,
418,79,78,
240,241,426,
28,29,20,
78,58,59,
417,418,78,
199,303,302,
77,78,59,
404,403,321,
77,59,60,
59,58,399,
420,77,60,
302,465,301,
225,224,435,
21,20,416,
76,77,420,
417,78,77,
301,465,464,
21,416,415,
225,435,436,
59,399,400,
325,355,323,
416,417,77,
60,59,400,
349,200,199,
349,199,348,
420,60,61,
416,77,76,
28,20,21,
354,353,352,
96,404,321,
75,76,420,
199,302,198,
60,400,401,
436,435,272,
464,253,463,
463,253,252,
405,404,96,
323,355,356,
61,60,401,
27,28,21,
198,302,301,
21,415,414,
354,352,120,
415,416,76,
420,61,62,
415,76,75,
120,352,351,
22,21,414,
120,351,119,
61,401,402,
218,26,25,
74,75,420,
301,464,300,
436,272,273,
62,61,402,
300,464,463,
273,272,217,
348,199,198,
355,354,120,
348,198,347,
156,120,119,
420,62,63,
118,351,350,
414,415,75,
414,75,74,
119,351,118,
22,414,413,
74,420,73,
27,21,22,
62,402,63,
63,402,403,
198,301,197,
273,217,218,
406,405,96,
323,356,93,
64,420,63,
96,321,329,
73,420,72,
65,420,64,
72,420,65,
93,356,357,
355,120,121,
121,120,156,
197,301,300,
72,65,71,
22,413,23,
26,27,22,
463,252,462,
117,350,349,
414,74,73,
118,350,117,
155,156,119,
413,414,73,
462,252,251,
64,63,403,
347,198,197,
356,355,121,
64,403,404,
425,240,426,
121,156,157,
157,156,155,
23,413,412,
155,119,118,
218,25,9,
407,406,96,
347,197,346,
71,66,70,
71,65,66,
154,155,118,
300,463,299,
356,121,122,
65,64,404,
122,121,157,
413,73,72,
26,22,23,
65,404,405,
299,463,462,
117,349,116,
412,413,72,
157,155,158,
116,349,348,
153,118,117,
154,118,153,
158,155,154,
122,157,158,
197,300,196,
93,357,358,
23,411,24,
23,412,411,
66,65,405,
357,356,122,
412,72,71,
357,122,123,
25,26,23,
70,66,69,
69,66,67,
327,325,94,
66,405,406,
152,117,116,
153,117,152,
196,300,299,
94,325,323,
346,197,196,
158,154,159,
123,122,158,
411,412,71,
123,158,159,
408,407,96,
159,154,153,
96,329,101,
92,93,358,
67,66,406,
116,348,115,
115,348,347,
346,196,345,
24,411,410,
152,116,151,
411,71,70,
462,251,461,
461,251,250,
321,327,94,
151,116,115,
67,406,407,
159,153,160,
410,411,70,
329,321,95,
410,70,69,
124,357,123,
123,159,160,
25,23,24,
94,323,93,
160,153,152,
321,94,95,
358,357,124,
124,123,160,
24,410,97,
299,462,298,
69,67,68,
68,67,407,
97,410,409,
97,408,96,
151,115,150,
298,462,461,
345,196,195,
196,299,195,
114,115,347,
95,94,334,
97,96,100,
150,115,114,
409,69,68,
409,410,69,
334,94,93,
334,93,92,
10,218,9,
160,152,161,
68,407,408,
92,358,359,
195,299,298,
114,347,346,
124,160,161,
161,152,151,
409,68,408,
84,24,97,
125,124,161,
97,409,408,
150,114,149,
358,124,125,
345,195,344,
149,114,113,
8,25,24,
9,25,8,
359,358,125,
161,151,162,
8,24,84,
334,92,319,
113,114,346,
162,151,150,
125,161,162,
126,125,162,
329,95,334,
344,195,194,
149,113,148,
148,113,112,
92,359,360,
331,329,334,
461,250,460,
113,346,345,
162,150,163,
359,125,126,
331,334,81,
195,298,194,
298,461,297,
91,92,360,
163,150,149,
460,250,249,
193,344,194,
126,162,163,
360,359,126,
101,329,331,
297,461,460,
127,126,163,
319,92,91,
194,298,297,
112,113,345,
91,360,361,
82,96,101,
100,96,82,
148,112,147,
163,149,164,
8,84,85,
343,344,193,
147,112,111,
84,97,100,
81,334,80,
164,149,148,
82,101,331,
360,126,127,
239,240,425,
127,163,128,
128,163,164,
219,218,10,
84,100,83,
361,360,127,
80,334,319,
112,345,344,
164,148,165,
91,361,362,
111,112,344,
361,127,128,
219,10,11,
83,100,82,
82,331,332,
91,362,363,
147,111,146,
146,111,110,
194,297,296,
318,319,91,
128,164,129,
129,164,165,
332,331,81,
165,148,147,
362,361,128,
460,249,248,
80,319,318,
362,128,129,
192,343,193,
297,460,459,
83,82,98,
129,165,166,
146,165,147,
166,165,146,
193,194,296,
459,460,248,
364,91,363,
81,80,333,
130,129,166,
296,297,459,
342,343,192,
84,83,98,
130,362,129,
111,344,110,
110,344,343,
109,146,110,
363,362,130,
145,146,109,
85,84,98,
226,436,437,
274,436,273,
226,225,436,
98,82,86,
86,82,99,
82,332,330,
332,81,330,
330,81,333,
318,91,90,
90,91,364,
333,80,318,
8,85,384,
99,82,330,
90,364,365,
274,273,219,
145,166,146,
131,130,166,
328,333,87,
328,330,333,
131,166,167,
167,166,145,
437,436,274,
363,130,131,
219,273,218,
364,363,131,
385,8,384,
191,342,192,
108,145,109,
333,318,90,
295,193,296,
144,145,108,
132,131,167,
109,110,343,
132,167,168,
144,167,145,
364,131,132,
109,343,342,
219,11,12,
168,167,144,
85,98,86,
99,330,328,
192,193,295,
458,296,459,
365,364,132,
383,85,86,
89,333,90,
341,342,191,
384,85,383,
88,333,89,
247,459,248,
133,132,168,
295,296,458,
107,144,108,
90,365,366,
458,459,247,
365,132,133,
143,144,107,
87,333,88,
143,168,144,
133,168,169,
169,168,143,
108,109,342,
383,86,382,
366,365,133,
386,8,385,
86,99,328,
134,133,169,
382,86,381,
108,342,341,
190,341,191,
320,87,88,
294,192,295,
106,143,107,
367,90,366,
89,90,367,
320,86,328,
380,86,320,
381,86,380,
366,133,134,
380,320,379,
142,143,106,
142,169,143,
170,169,142,
320,328,87,
423,227,424,
134,169,170,
107,108,341,
7,8,386,
340,341,190,
191,192,294,
457,295,458,
326,320,88,
367,366,134,
379,320,378,
368,89,367,
135,134,170,
294,295,457,
378,320,326,
105,142,106,
246,458,247,
107,341,340,
367,134,135,
13,219,12,
220,219,13,
189,340,190,
141,170,142,
387,7,386,
141,142,105,
9,8,7,
135,170,171,
171,170,141,
457,458,246,
378,326,377,
322,89,368,
88,89,322,
106,107,340,
384,383,44,
369,322,368,
293,191,294,
44,383,382,
368,367,135,
10,9,7,
385,384,45,
368,135,136,
339,340,189,
140,171,141,
136,171,172,
45,384,44,
326,88,324,
136,135,171,
377,326,376,
104,141,105,
190,191,293,
324,88,322,
324,322,369,
339,106,340,
140,141,104,
172,171,140,
45,44,43,
43,44,382,
6,387,388,
6,7,387,
43,382,381,
105,106,339,
370,324,369,
10,7,6,
385,45,46,
386,385,46,
188,339,189,
376,326,375,
42,45,43,
46,45,42,
375,326,324,
456,294,457,
293,294,456,
375,324,179,
42,43,381,
41,46,42,
47,46,41,
386,46,47,
42,381,380,
338,105,339,
368,136,137,
139,172,140,
173,172,139,
136,172,173,
387,386,47,
139,140,104,
137,136,173,
104,105,338,
245,457,246,
48,47,41,
179,324,180,
335,324,370,
11,10,6,
369,368,137,
139,104,103,
456,457,245,
48,41,395,
395,41,40,
338,339,188,
178,375,179,
181,324,335,
180,324,181,
389,6,388,
292,190,293,
41,42,380,
387,47,48,
238,239,425,
374,375,178,
187,338,188,
11,6,5,
5,6,389,
49,48,395,
41,380,379,
189,190,292,
103,104,337,
337,104,338,
388,387,48,
138,173,139,
137,173,138,
138,139,103,
369,137,102,
40,41,379,
388,48,49,
395,40,39,
102,137,138,
50,49,395,
337,338,187,
455,293,456,
370,369,102,
138,103,102,
102,103,337,
5,389,390,
336,102,337,
292,293,455,
40,379,378,
389,388,49,
39,40,378,
424,227,228,
186,337,187,
389,49,50,
220,13,14,
395,39,38,
12,11,5,
370,102,336,
51,50,395,
291,189,292,
181,335,182,
4,5,390,
12,5,4,
336,337,186,
244,456,245,
455,456,244,
39,378,377,
4,390,391,
188,189,291,
38,39,377,
177,374,178,
37,395,38,
335,370,336,
51,389,50,
390,389,51,
51,395,52,
52,395,53,
36,395,37,
185,336,186,
53,395,36,
373,374,177,
53,36,35,
37,38,377,
37,377,376,
335,336,185,
454,292,455,
291,292,454,
4,391,392,
390,51,52,
391,390,52,
54,35,34,
54,53,35,
3,4,392,
182,335,183,
13,12,4,
274,219,275,
275,219,220,
184,335,185,
290,188,291,
36,37,376,
36,376,375,
13,4,3,
187,188,290,
183,335,184,
438,274,275,
391,52,53,
372,373,177,
437,274,438,
392,391,53,
243,455,244,
35,36,375,
454,455,243,
3,392,393,
176,372,177,
55,54,34,
35,375,374,
3,393,2,
55,34,33,
392,53,54,
227,437,438,
34,35,374,
453,291,454,
290,291,453,
393,392,54,
2,393,394,
289,187,290,
226,437,227,
34,374,373,
371,372,176,
14,13,3,
186,187,289,
2,394,1,
14,3,2,
33,34,373,
393,54,55,
220,14,15,
32,55,33,
394,393,55,
33,373,372,
175,371,176,
1,394,371,
32,33,372,
394,55,32,
220,0,174,
242,454,243,
453,454,242,
1,371,0,
32,372,371,
371,394,32,
452,290,453,
289,290,452,
185,186,288,
288,186,289,
14,2,15,
0,371,174,
174,371,175,
15,2,1,
237,238,425,
184,185,287,
287,185,288,
452,453,242,
288,289,452,
276,220,221,
481,220,174,
452,242,241,
451,288,452,
220,15,0,
15,1,0,
183,184,286,
286,184,287,
287,288,451,
439,220,276,
450,287,451,
451,452,241,
240,451,241,
182,183,285,
285,183,286,
221,220,481,
275,220,439,
181,182,284,
286,287,450,
284,182,285,
449,286,450,
180,181,283,
283,181,284,
450,451,240,
239,450,240,
179,180,282,
285,286,449,
448,285,449,
282,180,283,
236,237,425,
178,179,281,
281,179,282,
438,275,228,
228,275,439,
481,174,277,
177,178,280,
280,178,281,
284,285,448,
176,177,280,
447,284,448,
174,175,278,
175,176,279,
279,176,280,
449,450,239,
238,449,239,
278,175,279,
221,481,276,
277,174,278,
283,284,447,
446,283,447,
276,481,440,
440,481,277,
282,283,446,
227,438,228,
445,282,446,
281,282,445,
448,449,238,
237,448,238,
280,281,444,
444,281,445,
235,236,425,
278,279,442,
279,280,443,
443,280,444,
277,278,441,
439,276,440,
447,448,237,
442,279,443,
440,277,441,
441,278,442,
229,439,440,
236,447,237,
446,447,236,
445,446,235,
235,446,236,
234,235,425,
444,445,234,
234,445,235,
443,444,233,
233,444,234,
441,442,231,
442,443,232,
232,443,233,
233,234,425,
440,441,230,
228,439,229,
231,442,232,
230,441,231,
229,440,230,
232,233,425,
231,232,425,
424,230,425,
230,231,425,
229,230,424,
424,228,229,