199.75639464649998, 446.2850182834,
219.73203411114997, 445.3105968461,
239.7076735758, 444.3361754088,
260.1705237591, 446.28501828339995,
280.6333739424, 448.23386115799997,
301.0962241257, 452.1315469072,
321.559074309, 456.0292326564,
342.02192449229995, 457.49086481234997,
362.48477467559997, 458.9524969683,
344.9451888042, 446.2850182834,
327.4056029328, 433.6175395985,
305.48112059355, 429.71985384929997,
283.55663825429997, 425.8221681001,
261.63215591504996, 425.8221681001,
239.7076735758, 425.8221681001,
219.73203411114997, 436.05359319175,
595.3714981903, 445.3105968461,
575.39585872565, 444.82338612745,
555.4202192609999, 444.3361754088,
535.4445797963499, 448.23386115799997,
515.4689403317, 452.1315469072,
499.87819733489994, 454.56760050045,
484.28745433809996, 457.0036540937,
461.38855056155, 458.9524969683,
438.489646785, 460.9013398429,
451.64433618855, 448.23386115799997,
464.7990255921, 435.56638247309996,
486.72350793135, 429.23264313065,
508.64799027059996, 422.89890378819996,
533.9829476404, 422.89890378819996,
559.3179050102, 422.89890378819996,
577.34470160025, 434.10475031715,
241.6565164504, 506.699147396,
247.82785221996667, 510.5968331452,
253.9991879895333, 514.4945188944,
260.1705237591, 518.3922046435999,
268.61550954903333, 519.6914332266666,
277.06049533896663, 520.9906618097333,
285.5054811289, 522.2898903928,
293.6256597730667, 521.6402761012666,
301.7458384172333, 520.9906618097333,
309.8660170614, 520.3410475182,
318.6358099971, 517.4177832063,
327.4056029328, 514.4945188944,
336.1753958685, 511.5712545825,
330.00406009893334, 505.3999188129333,
323.83272432936667, 499.22858304336665,
317.6613885598, 493.0572472738,
307.59236704103336, 486.80917581613335,
297.52334552226665, 483.56110435846665,
287.4543240035, 483.3130329008,
279.3341453593333, 483.26187577540003,
271.2139667151667, 485.21071865,
263.093788071, 489.1595615246,
254.94803086413333, 493.0060901484,
247.80227365726668, 498.8526187722,
558.3434835729, 501.8270402095,
551.5225335118, 506.699147396,
544.7015834507, 511.57125458250005,
537.8806333896, 516.443361769,
529.1108404539, 518.7170117893667,
520.3410475182, 520.9906618097333,
511.5712545825, 523.2643118300999,
503.4510759383333, 522.6146975385666,
495.3308972941667, 521.9650832470334,
487.21071865, 521.3154689555,
478.44092571429996, 518.3922046436,
469.6711327786, 515.4689403317,
460.9013398429, 512.5456760198,
467.722289904, 504.7247259587,
474.5432399651, 497.9037758976,
481.3641900262, 492.0828258365,
490.45879010766663, 488.4843686703666,
499.5533901891333, 484.8859115042333,
508.64799027059996, 484.28745433809996,
517.4177832063, 483.58668292116664,
526.187576142, 484.8859115042333,
534.9573690777, 488.1851400873,
543.7527405761, 491.7324401280333,
550.5481120745001, 497.2797401687667,
400.4872107303, 636.2971985569,
400.4872107303, 605.359317922625,
400.4872107303, 574.42143728835,
400.4872107303, 543.483556654075,
400.4872107303, 512.5456760198,
370.280146174, 512.5456760198,
368.3313032994, 556.3946406983,
366.3824604248, 600.2436053768,
339.8395377777778, 635.6516444444444,
340.0730816177, 649.9390986791,
370.280146174, 668.4531059878,
400.4872107303, 672.350791737,
428.745432412, 666.5042631132,
458.9524969683, 647.0158343672,
459.8395377777778, 635.6516444444444,
432.6431181612, 601.2180268141,
431.6686967239, 557.3690621356,
430.6942752866, 513.5200974571,
383.10337777777784, 544.4153333333333,
373.7637333333333, 574.7134666666667,
415.72599999999994, 544.4729955555555,
424.9130666666667, 574.8199555555555,
312.7892813733, 719.1230207274,
320.25984572593336, 728.2431993715667,
327.73041007856665, 737.3633780157332,
335.2009744312, 743.4835566598999,
344.9451888042, 748.6804709921666,
354.6894031772, 753.8773853244332,
364.4336175502, 759.0742996567,
376.1266747978, 763.6727568228333,
387.8197320454, 766.2712139889666,
399.51278929299997, 766.8696711550999,
411.20584654059996, 765.9464068432,
422.8989037882, 763.0231425313,
434.5919610358, 758.0998782194,
444.66098255456666, 753.5781567413667,
454.73000407333336, 749.0564352633334,
464.7990255921, 741.5347137853,
473.9192042362667, 734.4145351411333,
481.0393828804333, 725.2943564969667,
489.1595615246, 717.1741778528,
477.466504277, 715.8749492697333,
465.77344702939996, 714.5757206866666,
454.08038978179997, 713.2764921035999,
443.3617539715, 713.2764921035999,
432.6431181612, 713.2764921035999,
421.9244823509, 713.2764921035999,
415.1035322898, 713.6012992493667,
408.2825822287, 713.9261063951333,
401.4616321676, 714.2509135409,
393.99106781496664, 712.9516849578333,
386.52050346233335, 711.6524563747666,
379.0499391097, 710.3532277917,
368.3313032994, 711.3276492289999,
357.6126674891, 712.3020706663,
346.8940316788, 713.2764921035999,
335.52578157696666, 715.2253349782,
324.15753147513334, 717.1741778528,
312.7892813733, 719.1230207274,
320.77953715916, 722.63093790168,
328.76979294502, 726.13885507596,
336.76004873088, 729.6467722502399,
344.75030451674, 733.1546894245199,
352.7405603026, 736.6626065987999,
364.92082826884996, 737.880633395425,
377.1010962351, 739.0986601920499,
389.28136420135, 740.316686988675,
401.4616321676, 741.5347137853,
411.69305725925, 740.316686988675,
421.9244823509, 739.0986601920499,
432.15590744254996, 737.880633395425,
442.38733253419997, 736.6626065987999,
451.74177833228, 732.7649208495999,
461.09622413036, 728.8672351004,
470.45066992844, 724.9695493511999,
479.80511572652, 721.071863602,
489.1595615246, 717.1741778528,
479.80511572652, 719.70767358978,
470.45066992844, 722.24116932676,
461.09622413036, 724.77466506374,
451.74177833228, 727.30816080072,
442.38733253419997, 729.8416565377,
431.912302083225, 730.32886725635,
421.43727163225, 730.816077975,
410.962241181275, 731.30328869365,
400.4872107303, 731.7904994122999,
389.03775884202497, 730.816077975,
377.58830695375, 729.8416565376999,
366.138855065475, 728.8672351004,
354.6894031772, 727.8928136631,
346.30937881642, 726.13885507596,
337.92935445564, 724.38489648882,
329.54933009486, 722.63093790168,
321.16930573408, 720.87697931454,
156.88185140529998, 528.1364190166,
161.10434430026666, 550.5481120745001,
165.3268371952333, 572.9598051324,
169.5493300902, 595.3714981903,
173.4470158394, 613.5606983532333,
177.34470158859997, 631.7498985161667,
181.24238733779998, 649.9390986791,
185.60170524295, 672.83800245565,
191.9610231481, 695.7369062322,
203.16686967705, 719.1741778528,
214.372716206, 738.6114494734,
226.55298417225, 757.6126675007499,
238.7332521385, 776.6138855281,
258.22168088449996, 795.1534713995,
277.71010963049997, 811.6930572709,
294.76248478325, 827.77101098635,
311.814859936, 843.8489647018,
331.79049940065, 856.02923266805,
351.7661388653, 868.2095006343,
375.15225336049997, 872.59439710215,
398.53836785569996, 876.97929357,
421.9244823509, 871.61997566485,
445.3105968461, 866.2606577596999,
468.20950062265, 854.08038979345,
491.10840439919997, 841.9001218272,
509.6224117079, 824.84774667445,
528.1364190166, 807.7953715217,
543.23995129475, 788.79415349435,
558.3434835729, 769.792935467,
571.9853836950999, 752.2533495956,
585.6272838172999, 734.7137637242,
598.3714981902999, 715.7892813849501,
605.1157125633, 690.8647990457,
611.9366626244, 667.96589526915,
618.7576126855, 645.0669914926,
622.6552984347001, 627.5274056211999,
626.5529841839, 609.9878197498,
630.4506699331, 592.4482338784,
631.4250913704, 569.7117336747333,
632.3995128077, 546.9752334710666,
633.373934245, 524.2387332674,
632.3136, 457.47591111111115,
601.208888888889, 373.8371288888889,
518.26536000000004, 312.3112222222222,
403.34909333333326, 290.1991644444445,
287.7152888888889, 312.4116266666667,
202.35713333333334, 375.0226666666666,
171.35615555555557, 459.7183111111111,
287.9373777777778, 501.0660888888888,
507.95444444444445, 501.0646222222222,
264.8947333333333, 501.9576888888888,
266.9899555555556, 510.70786666666675,
272.27423555555555, 517.9901777777778,
279.9431022222222, 522.6959111111111,
288.82902222222225, 524.1087555555556,
297.5791777777778, 522.0135111111111,
304.86148444444444, 516.7292444444445,
309.56722666666667, 509.0603555555556,
310.98002222222226, 500.1744444444444,
308.88481777777776, 491.4242888888889,
303.6005333333333, 484.14198222222217,
295.9316666666667, 479.43622222222217,
287.0457777777778, 478.0234222222222,
278.2955777777778, 480.11864444444444,
271.0132888888889, 485.40293333333335,
266.3075422222222, 493.0717955555556,
530.8797333333333, 501.0732444444444,
529.1313333333334, 509.8457333333333,
524.1589777777779, 517.2813333333334,
516.7196, 522.2481333333334,
507.9458222222222, 523.989911111111,
499.1733333333333, 522.2415111111111,
491.7377333333333, 517.2691555555556,
486.7709333333333, 509.8297777777778,
485.0291555555555, 501.056,
486.7775555555556, 492.2835288888889,
491.7499111111111, 484.8479111111111,
499.1892888888889, 479.88111111111107,
507.96306666666663, 478.13933333333335,
516.7355333333334, 479.88773333333336,
524.1711555555555, 484.86008888888887,
529.1379555555555, 492.2994666666667,