0.538034 0.263103
0.551344 0.262562
0.555155 0.266718
0.538808 0.267614
0.500000 0.262968
0.512631 0.262365
0.514027 0.268046
0.500000 0.268151
0.563228 0.261453
0.566900 0.265483
0.578740 0.260050
0.580285 0.263723
0.583541 0.261149
0.584752 0.261545
0.584119 0.262901
0.583442 0.262992
0.585489 0.263030
0.584263 0.262958
0.526694 0.262882
0.528068 0.267910
0.531437 0.274931
0.520620 0.275445
0.520888 0.269311
0.532630 0.269108
0.510842 0.275702
0.512045 0.269351
0.500000 0.274634
0.500000 0.269333
0.542069 0.273677
0.544167 0.268497
0.554508 0.271740
0.556204 0.267525
0.565334 0.270410
0.567062 0.266266
0.580229 0.267662
0.580917 0.264200
0.584245 0.265431
0.583124 0.263439
0.628045 0.504236
0.612538 0.505828
0.627525 0.501590
0.644764 0.498536
0.644500 0.501439
0.656977 0.492702
0.657039 0.494821
0.666504 0.486744
0.666541 0.489202
0.611741 0.508582
0.599125 0.506105
0.611452 0.510982
0.627403 0.511756
0.610312 0.514546
0.628039 0.506412
0.644398 0.504168
0.644614 0.507476
0.657649 0.497200
0.657738 0.500468
0.666829 0.491457
0.596194 0.509956
0.594893 0.512773
0.583930 0.504272
0.585644 0.502307
0.597798 0.508035
0.578362 0.495931
0.575102 0.498130
0.587327 0.500284
0.599730 0.273931
0.595646 0.265780
0.600326 0.264938
0.583441 0.248159
0.575440 0.234165
0.590275 0.244408
0.589183 0.467789
0.595366 0.470259
0.589438 0.472072
0.605869 0.468626
0.597001 0.465843
0.607125 0.463582
0.645194 0.464673
0.629962 0.467190
0.631929 0.462124
0.619629 0.461785
0.618254 0.466518
0.621190 0.456413
0.635127 0.455897
0.655618 0.467697
0.647720 0.458414
0.658676 0.462498
0.642245 0.469602
0.661827 0.475000
0.653040 0.472598
0.608238 0.458783
0.597479 0.461404
0.588994 0.463651
0.571649 0.241583
0.560480 0.228045
0.556116 0.236573
0.544510 0.224268
0.574651 0.480084
0.576479 0.477587
0.576093 0.480194
0.574457 0.483632
0.576057 0.482780
0.570462 0.482950
0.572306 0.479168
0.566990 0.477500
0.552152 0.031536
0.500000 0.011334
0.563926 0.018974
0.677052 0.079671
0.641540 0.037119
0.750827 0.087999
0.614384 0.048191
0.791315 0.171404
0.754180 0.193238
0.736309 0.153161
0.623241 0.449722
0.638449 0.447853
0.651940 0.450415
0.500000 0.222575
0.514770 0.231303
0.500000 0.232210
0.514948 0.222005
0.500000 0.214139
0.515144 0.214426
0.548046 0.214305
0.566269 0.218174
0.521361 0.307081
0.510966 0.316199
0.508603 0.303820
0.524052 0.318195
0.515714 0.327528
0.500000 0.127761
0.521613 0.151114
0.500000 0.151067
0.627422 0.499941
0.613912 0.502443
0.600181 0.503523
0.644455 0.496093
0.657385 0.491117
0.588936 0.498889
0.580869 0.492891
0.581275 0.491660
0.659721 0.476728
0.594743 0.472041
0.652041 0.473980
0.606035 0.469735
0.641388 0.471164
0.628834 0.469386
0.617888 0.468827
0.577679 0.480698
0.578175 0.479860
0.669503 0.482933
0.670164 0.482783
0.669535 0.484050
0.671016 0.485643
0.673331 0.483338
0.672907 0.487340
0.667480 0.494180
0.664895 0.478544
0.581654 0.506974
0.574255 0.475294
0.675237 0.481727
0.675548 0.489233
0.683699 0.479331
0.500000 0.421684
0.511105 0.410664
0.512119 0.421006
0.500000 0.446641
0.513674 0.433076
0.513326 0.445366
0.607576 0.161983
0.625423 0.196200
0.592797 0.179715
0.654625 0.305109
0.680767 0.291659
0.669774 0.328398
0.660588 0.207696
0.641987 0.171711
0.617358 0.222192
0.645686 0.231115
0.635810 0.293360
0.655842 0.278856
0.520542 0.169552
0.500000 0.169889
0.518284 0.187234
0.500000 0.188877
0.500000 0.434560
0.543569 0.424636
0.556671 0.428752
0.543905 0.439180
0.553990 0.408669
0.538419 0.414141
0.531959 0.395384
0.539701 0.382703
0.544720 0.392513
0.535844 0.403314
0.563805 0.383194
0.574609 0.385366
0.568279 0.392429
0.567857 0.366579
0.557777 0.373807
0.571721 0.410440
0.580843 0.412703
0.569655 0.420995
0.579929 0.400009
0.567640 0.403903
0.579168 0.388687
0.560219 0.416295
0.591075 0.402217
0.587742 0.388780
0.587048 0.375149
0.581196 0.372007
0.585151 0.359561
0.575566 0.351808
0.576359 0.345318
0.598900 0.455806
0.610454 0.452767
0.602750 0.392093
0.600546 0.377850
0.589587 0.458503
0.530104 0.384402
0.534927 0.374504
0.523820 0.368896
0.526515 0.377880
0.517424 0.339284
0.527162 0.328892
0.529972 0.336806
0.591052 0.256465
0.596112 0.255865
0.604029 0.252339
0.610427 0.269590
0.596503 0.236276
0.582883 0.226918
0.529661 0.222390
0.541760 0.232994
0.527947 0.230917
0.531538 0.212894
0.602626 0.201680
0.580844 0.194110
0.565124 0.172474
0.558844 0.188634
0.676698 0.250174
0.652235 0.254902
0.637516 0.272989
0.630785 0.249867
0.567111 0.293204
0.587401 0.293152
0.576112 0.306349
0.595169 0.282721
0.594592 0.272268
0.588365 0.278821
0.578848 0.285292
0.614717 0.365651
0.597343 0.362009
0.608216 0.348803
0.617027 0.381410
0.606951 0.279748
0.603589 0.291405
0.596082 0.305887
0.635335 0.369324
0.631043 0.350651
0.620526 0.332309
0.545339 0.127844
0.571627 0.153065
0.544511 0.151538
0.541705 0.169324
0.538146 0.186483
0.630984 0.312449
0.644764 0.331175
0.654245 0.354551
0.500000 0.544765
0.515752 0.563323
0.500000 0.562233
0.533331 0.546676
0.515426 0.545492
0.588175 0.558560
0.569716 0.568394
0.569127 0.553781
0.608641 0.558710
0.590285 0.572297
0.551574 0.565753
0.550723 0.548811
0.869832 0.571682
0.862148 0.607350
0.842086 0.591746
0.803492 0.275429
0.770229 0.299352
0.770096 0.267046
0.835110 0.284508
0.805071 0.306194
0.795760 0.201176
0.763788 0.227588
0.836610 0.249284
0.870455 0.264420
0.800670 0.237978
0.836577 0.212328
0.876037 0.231659
0.909965 0.253069
0.898903 0.308877
0.861440 0.336915
0.861721 0.298685
0.904757 0.275940
0.568378 0.539625
0.588453 0.533995
0.587951 0.544910
0.607160 0.534938
0.606219 0.547337
0.835367 0.311823
0.821137 0.346321
0.762880 0.478570
0.764048 0.502382
0.745307 0.496640
0.739744 0.518624
0.723374 0.509197
0.877635 0.371147
0.894227 0.339787
0.862428 0.401338
0.842965 0.374576
0.879940 0.208651
0.837108 0.184960
0.917436 0.235666
0.529485 0.067166
0.500000 0.053324
0.535151 0.054534
0.552809 0.072119
0.573550 0.065939
0.578753 0.087439
0.605273 0.084678
0.656223 0.141728
0.675670 0.178851
0.589334 0.133034
0.520518 0.095867
0.500000 0.080342
0.523602 0.080263
0.500000 0.066933
0.537782 0.098308
0.547550 0.082176
0.551588 0.101366
0.621608 0.137375
0.834188 0.631297
0.500000 0.728662
0.528107 0.687737
0.533313 0.728966
0.786768 0.632175
0.814535 0.612957
0.612027 0.572654
0.627488 0.557290
0.632769 0.569750
0.716775 0.533962
0.684984 0.536308
0.675553 0.556898
0.669277 0.545246
0.646972 0.553373
0.653718 0.563867
0.695406 0.545596
0.701862 0.523971
0.625423 0.544492
0.643558 0.528929
0.643368 0.539445
0.678134 0.524697
0.684787 0.500686
0.691486 0.516425
0.664634 0.531349
0.673615 0.513397
0.731297 0.451074
0.734120 0.481286
0.712352 0.474341
0.709136 0.498459
0.696707 0.489456
0.514102 0.458609
0.555926 0.440495
0.580319 0.424178
0.569122 0.432041
0.591922 0.416062
0.604003 0.407126
0.617079 0.398237
0.634879 0.387414
0.655465 0.376076
0.679845 0.357473
0.698801 0.328825
0.704713 0.358537
0.779233 0.670846
0.807873 0.653312
0.746186 0.685464
0.753776 0.650557
0.708006 0.697814
0.719419 0.663936
0.672473 0.707521
0.684878 0.676785
0.634190 0.714936
0.650721 0.683168
0.600988 0.719751
0.617247 0.686566
0.533566 0.563711
0.556160 0.688309
0.566903 0.726654
0.587354 0.687176
0.578025 0.373969
0.572096 0.356928
0.573022 0.377161
0.577355 0.386878
0.569971 0.396515
0.558004 0.357761
0.560289 0.348882
0.561087 0.344931
0.548812 0.378857
0.553817 0.389232
0.548940 0.400720
0.558164 0.396898
0.562264 0.400668
0.526832 0.363311
0.532891 0.366473
0.524379 0.365941
0.523238 0.344413
0.526144 0.350860
0.518080 0.347148
0.533398 0.349291
0.536025 0.342952
0.536782 0.349698
0.530067 0.349484
0.530080 0.343263
0.540750 0.345524
0.538991 0.350402
0.544176 0.349800
0.523540 0.362063
0.520082 0.363546
0.517438 0.364495
0.533918 0.368311
0.512838 0.344688
0.668822 0.475309
0.669581 0.480134
0.666290 0.477276
0.672572 0.478530
0.676642 0.475112
0.682939 0.471851
0.668046 0.480316
0.669312 0.481218
0.664131 0.471883
0.667691 0.467266
0.677686 0.465324
0.672532 0.471080
0.663497 0.454576
0.671699 0.460694
0.736089 0.328583
0.692854 0.216230
0.704479 0.254994
0.707437 0.294268
0.845169 0.562011
0.819991 0.581490
0.500000 0.689424
0.525357 0.660802
0.792716 0.599693
0.762731 0.616608
0.728875 0.632813
0.696183 0.644594
0.665369 0.652073
0.632776 0.657224
0.603363 0.659760
0.549897 0.661298
0.575617 0.660788
0.789887 0.481858
0.787966 0.453703
0.819281 0.457649
0.577296 0.487333
0.576252 0.489344
0.580419 0.471138
0.580029 0.475595
0.570572 0.486945
0.577638 0.484085
0.578478 0.478845
0.580106 0.477171
0.589011 0.473969
0.567057 0.484953
0.568009 0.490855
0.580104 0.462367
0.580089 0.468201
0.577061 0.472499
0.577176 0.477358
0.576321 0.471086
0.572475 0.473573
0.574610 0.467585
0.568845 0.473365
0.523374 0.408496
0.525120 0.418185
0.529058 0.437849
0.527579 0.428758
0.521275 0.389069
0.520634 0.398067
0.510650 0.398714
0.517848 0.376967
0.529354 0.454342
0.500000 0.399767
0.500000 0.410972
0.500000 0.387498
0.507521 0.377823
0.509105 0.387906
0.506171 0.326093
0.500000 0.325757
0.506067 0.315745
0.508239 0.337211
0.500000 0.335797
0.507550 0.342605
0.500000 0.341060
0.500000 0.365198
0.500000 0.377100
0.506204 0.307765
0.500000 0.302181
0.500000 0.315583
0.507480 0.363676
0.571739 0.527417
0.549921 0.532340
0.558479 0.518120
0.500000 0.492401
0.515344 0.508065
0.500000 0.507820
0.515605 0.491848
0.530039 0.509108
0.528487 0.489058
0.541068 0.497381
0.500000 0.527045
0.533017 0.528517
0.515327 0.526894
0.545847 0.510436
0.568458 0.443283
0.580664 0.446044
0.569886 0.452893
0.591434 0.439887
0.580688 0.435637
0.592576 0.428129
0.603103 0.434345
0.604230 0.421094
0.615905 0.428346
0.616499 0.414423
0.629627 0.422337
0.632050 0.407564
0.645287 0.418780
0.663719 0.416755
0.650349 0.399199
0.670165 0.393807
0.500000 0.461751
0.514998 0.476771
0.500000 0.479078
0.543717 0.450325
0.556902 0.451429
0.543867 0.463091
0.681981 0.417425
0.691822 0.390778
0.748928 0.392390
0.730282 0.358110
0.756061 0.361231
0.718892 0.390425
0.702947 0.419287
0.726863 0.421841
0.558282 0.463016
0.529201 0.470287
0.544493 0.480038
0.736911 0.773320
0.736811 0.727399
0.771473 0.757188
0.854410 0.698778
0.856495 0.651124
0.877985 0.680181
0.801539 0.736935
0.800439 0.690978
0.826643 0.714309
0.829962 0.672869
0.901935 0.657368
0.878995 0.628115
0.772709 0.707860
0.701295 0.739316
0.660517 0.749491
0.618519 0.759227
0.695017 0.792887
0.644328 0.809667
0.500000 0.770452
0.548269 0.825775
0.500000 0.826932
0.576671 0.765753
0.537796 0.768035
0.595677 0.820314
0.906660 0.601970
0.884257 0.582429
0.926448 0.628084
0.870149 0.536319
0.888249 0.543500
0.962339 0.536788
0.988930 0.525683
0.983934 0.548272
0.941890 0.487494
0.908691 0.488224
0.930079 0.469397
0.943454 0.523030
0.975117 0.519849
0.924832 0.507063
0.953195 0.505099
0.897438 0.465115
0.948371 0.557098
0.974127 0.577126
0.885912 0.510362
0.860097 0.491100
0.909654 0.526424
0.927368 0.542857
0.952957 0.599906
0.926000 0.578136
0.905695 0.562354
0.584107 0.320947
0.619540 0.284332
0.595717 0.218051
0.609657 0.239207
0.517016 0.202272
0.573044 0.207192
0.553427 0.202331
0.623121 0.268712
0.616278 0.255167
0.598885 0.333933
0.500000 0.204146
0.534534 0.201023
0.614550 0.301801
0.608564 0.318876
0.590647 0.346322
0.579971 0.334482
0.553591 0.301144
0.561165 0.319807
0.562961 0.336401
0.539110 0.318078
0.542182 0.329927
0.539231 0.341154
0.537385 0.304638
0.547037 0.346000
0.549268 0.352085
0.539446 0.363755
0.532131 0.363447
0.535518 0.360496
0.542845 0.370974
0.541315 0.366207
0.516733 0.352895
0.521445 0.353015
0.513007 0.354927
0.500000 0.350270
0.506377 0.352355
0.547321 0.361824
0.545905 0.359367
0.541614 0.352219
0.551022 0.365327
0.540575 0.355978
0.500000 0.038208
0.547459 0.040747
0.596088 0.061768
0.635997 0.082805
0.694566 0.146434
0.715165 0.184218
0.738624 0.296403
0.738334 0.260337
0.728851 0.221668
0.500000 0.027476
0.764709 0.332878
0.755344 0.424853
0.782823 0.366235
0.792314 0.338018
0.777429 0.397497
0.758456 0.453416
0.809939 0.380647
0.782143 0.426661
0.828213 0.404360
0.844154 0.430274
0.810921 0.428507
0.802643 0.404790
0.822968 0.550849
0.796814 0.569755
0.767585 0.588325
0.739161 0.602984
0.500000 0.659578
0.523072 0.637912
0.619678 0.636216
0.707855 0.616838
0.678562 0.626641
0.648579 0.634046
0.593292 0.638043
0.546103 0.637986
0.569068 0.638660
0.800933 0.544319
0.500000 0.638092
0.520145 0.618316
0.586481 0.620562
0.745540 0.576908
0.635091 0.618605
0.610959 0.619246
0.663644 0.612228
0.718013 0.591222
0.690508 0.603770
0.563651 0.619752
0.542074 0.618581
0.773952 0.561730
0.848031 0.529498
0.827285 0.521753
0.500000 0.580200
0.516521 0.580725
0.554485 0.582271
0.574514 0.585845
0.734667 0.543359
0.758881 0.529215
0.786618 0.510164
0.944058 0.254724
0.937896 0.272307
0.596330 0.587547
0.617196 0.587839
0.709734 0.556591
0.665089 0.579035
0.687748 0.570480
0.642189 0.586235
0.534352 0.581255
0.517347 0.599011
0.500000 0.618346
0.500000 0.599633
0.580063 0.602831
0.559098 0.601617
0.779490 0.537519
0.753497 0.552259
0.726754 0.565992
0.701198 0.581315
0.626860 0.602219
0.602294 0.602942
0.651720 0.599777
0.676623 0.591774
0.536887 0.599526
0.804930 0.516258
0.933326 0.371868
0.915904 0.341219
0.938609 0.349519
0.908020 0.375530
0.921901 0.404392
0.892636 0.396506
0.887892 0.434640
0.920924 0.441675
0.932548 0.292166
0.921102 0.321614
0.853178 0.459714
0.824251 0.486854
0.625731 0.522114
0.608567 0.523511
0.657627 0.509707
0.668628 0.501578
0.575842 0.515951
0.556277 0.478902
0.553691 0.489115
0.680532 0.493131
0.642087 0.434489
0.590959 0.450669
0.613409 0.441402
0.627127 0.437816
0.601278 0.446005
0.689466 0.484287
0.696005 0.473730
0.703341 0.451170
0.590870 0.522595
0.625202 0.532828
0.643862 0.516945
0.660656 0.520893
0.686038 0.442444
0.657774 0.435093
0.673388 0.438303
0.580512 0.455328
0.556274 0.498573
0.572707 0.462068
0.562742 0.470278
0.564790 0.508470
0.572679 0.499932
0.940432 0.329049
0.833732 0.157572
0.890298 0.175120
0.883080 0.191315
0.565966 0.126357
0.547294 0.111924
0.561804 0.109578
0.714547 0.114311
0.833961 0.139397
0.778975 0.132512
0.521277 0.110273
0.520843 0.128611
0.923786 0.223635
0.633326 0.110440
0.602280 0.109572
0.500000 0.109062
0.575499 0.110299
0.571358 0.095387
0.932104 0.216329
0.667810 0.112754
0.952497 0.255573
0.956364 0.304349
0.970346 0.285735
0.969198 0.251384
0.991096 0.281884
0.508714 0.300976
0.500000 0.294049
0.509313 0.294199
0.520311 0.300705
0.520132 0.293497
0.559943 0.287833
0.547425 0.285983
0.558904 0.283370
0.574608 0.282222
0.572235 0.278170
0.585445 0.273002
0.587672 0.274977
0.589208 0.267449
0.591348 0.270325
0.589746 0.264362
0.592682 0.265082
0.500000 0.239798
0.512168 0.244541
0.500000 0.244747
0.538947 0.243142
0.550871 0.250591
0.538181 0.247338
0.565135 0.252709
0.552416 0.246278
0.566667 0.250709
0.578627 0.254743
0.586113 0.261125
0.577752 0.256270
0.587877 0.260794
0.512897 0.239730
0.525074 0.245363
0.525918 0.240797
0.500000 0.300703
0.535691 0.295459
0.534134 0.289603
0.548732 0.290957
0.532622 0.282645
0.510026 0.285167
0.520443 0.284657
0.544212 0.279515
0.500000 0.284974
0.556731 0.277059
0.569817 0.274572
0.582544 0.269773
0.584748 0.267121
0.586361 0.263536
0.500000 0.250599
0.537942 0.252044
0.550159 0.253750
0.563294 0.255551
0.577601 0.257964
0.512449 0.250507
0.525373 0.250872
0.979532 0.507113
0.999115 0.509996
0.964329 0.492460
0.945715 0.400485
0.947805 0.371722
0.950132 0.344071
0.948428 0.425210
0.954039 0.472326
0.951305 0.451295
0.954449 0.327455
0.978907 0.297302
0.614391 0.498757
0.601984 0.496739
0.627197 0.497566
0.643912 0.492534
0.656877 0.489923
0.666477 0.485859
0.590266 0.493685
0.584410 0.488494
0.651230 0.476192
0.658828 0.478310
0.594736 0.474689
0.640566 0.473662
0.605685 0.472654
0.628419 0.472585
0.617588 0.471872
0.579416 0.480172
0.580692 0.479141
0.579214 0.480965
0.577404 0.482557
0.669088 0.481629
0.669201 0.482758
0.663934 0.479164
0.668120 0.481021
0.580183 0.483692
0.581272 0.478763
0.588938 0.476269
0.579615 0.482451
0.667730 0.483537
0.500000 0.093413
0.500000 0.307550
0.961221 0.310125
0.998656 0.296357
0.461966 0.263103
0.461192 0.267614
0.444845 0.266718
0.448656 0.262562
0.485973 0.268046
0.487369 0.262365
0.433100 0.265483
0.436772 0.261453
0.419715 0.263723
0.421260 0.260050
0.416459 0.261149
0.416558 0.262992
0.415881 0.262901
0.415248 0.261545
0.415737 0.262958
0.414511 0.263030
0.473306 0.262882
0.471932 0.267910
0.468563 0.274931
0.467370 0.269108
0.479112 0.269311
0.479380 0.275445
0.487955 0.269351
0.489158 0.275702
0.457931 0.273677
0.455833 0.268497
0.445492 0.271740
0.443796 0.267525
0.434666 0.270410
0.432938 0.266266
0.419771 0.267662
0.419083 0.264200
0.415755 0.265431
0.416876 0.263439
0.371955 0.504236
0.372475 0.501590
0.387462 0.505828
0.355500 0.501439
0.355236 0.498536
0.342961 0.494821
0.343023 0.492702
0.333459 0.489202
0.333496 0.486744
0.388259 0.508582
0.400875 0.506105
0.388548 0.510982
0.389688 0.514546
0.372597 0.511756
0.371961 0.506412
0.355602 0.504168
0.355386 0.507476
0.342351 0.497200
0.342262 0.500468
0.333171 0.491457
0.403806 0.509956
0.405107 0.512773
0.416070 0.504272
0.402202 0.508035
0.414356 0.502307
0.421638 0.495931
0.424898 0.498130
0.412673 0.500284
0.400270 0.273931
0.399674 0.264938
0.404354 0.265780
0.416559 0.248159
0.409725 0.244408
0.424560 0.234165
0.410817 0.467789
0.410562 0.472072
0.404634 0.470259
0.394131 0.468626
0.392875 0.463582
0.402999 0.465843
0.354806 0.464673
0.368071 0.462124
0.370038 0.467190
0.380371 0.461785
0.381746 0.466518
0.378810 0.456413
0.364873 0.455897
0.344382 0.467697
0.341324 0.462498
0.352280 0.458414
0.357755 0.469602
0.346960 0.472598
0.338173 0.475000
0.391762 0.458783
0.402521 0.461404
0.411006 0.463651
0.428351 0.241583
0.439520 0.228045
0.443884 0.236573
0.455490 0.224268
0.425349 0.480084
0.423907 0.480194
0.423521 0.477587
0.425543 0.483632
0.423943 0.482780
0.427694 0.479168
0.429538 0.482950
0.433010 0.477500
0.447848 0.031536
0.436074 0.018974
0.322948 0.079671
0.249173 0.087999
0.358460 0.037119
0.385616 0.048191
0.208685 0.171404
0.263691 0.153161
0.245820 0.193238
0.376759 0.449722
0.348060 0.450415
0.361551 0.447853
0.485230 0.231303
0.485051 0.222005
0.484856 0.214426
0.433731 0.218174
0.451954 0.214305
0.478639 0.307081
0.491397 0.303820
0.489034 0.316199
0.475948 0.318195
0.484286 0.327528
0.478387 0.151114
0.372578 0.499941
0.386088 0.502443
0.399819 0.503523
0.355545 0.496093
0.342615 0.491117
0.411064 0.498889
0.418725 0.491660
0.419131 0.492891
0.340279 0.476728
0.405257 0.472041
0.347959 0.473980
0.393965 0.469735
0.358612 0.471164
0.371166 0.469386
0.382112 0.468827
0.422321 0.480698
0.421825 0.479860
0.330497 0.482933
0.330465 0.484050
0.329836 0.482783
0.328984 0.485643
0.326669 0.483338
0.327093 0.487340
0.332520 0.494180
0.335105 0.478544
0.418346 0.506974
0.425745 0.475294
0.324763 0.481727
0.324452 0.489233
0.316301 0.479331
0.487881 0.421006
0.488895 0.410664
0.486674 0.445366
0.486326 0.433076
0.392424 0.161983
0.407203 0.179715
0.374577 0.196200
0.345375 0.305109
0.330226 0.328398
0.319233 0.291659
0.339412 0.207696
0.358013 0.171711
0.382641 0.222192
0.354314 0.231114
0.364189 0.293360
0.344158 0.278856
0.479458 0.169552
0.481716 0.187234
0.456431 0.424636
0.456095 0.439180
0.443329 0.428752
0.446010 0.408669
0.461581 0.414141
0.468041 0.395384
0.455280 0.392513
0.460299 0.382702
0.464156 0.403314
0.436195 0.383194
0.431721 0.392429
0.425390 0.385366
0.432143 0.366579
0.442223 0.373807
0.428279 0.410440
0.430345 0.420995
0.419157 0.412703
0.420070 0.400009
0.420831 0.388687
0.432360 0.403903
0.439781 0.416295
0.408925 0.402217
0.412258 0.388780
0.412952 0.375149
0.414849 0.359561
0.418804 0.372007
0.423641 0.345318
0.424434 0.351808
0.389546 0.452767
0.401100 0.455806
0.397250 0.392093
0.399454 0.377850
0.410413 0.458503
0.469896 0.384402
0.465073 0.374504
0.476180 0.368896
0.473485 0.377880
0.482576 0.339284
0.470028 0.336806
0.472838 0.328892
0.408948 0.256465
0.403888 0.255865
0.389573 0.269590
0.395971 0.252339
0.403497 0.236276
0.417117 0.226918
0.470339 0.222390
0.472053 0.230917
0.458240 0.232994
0.468462 0.212894
0.419156 0.194110
0.397374 0.201680
0.434876 0.172474
0.441156 0.188634
0.323302 0.250174
0.347765 0.254902
0.369215 0.249867
0.362484 0.272989
0.432888 0.293204
0.423888 0.306349
0.412599 0.293152
0.404830 0.282721
0.405408 0.272268
0.411635 0.278821
0.421152 0.285292
0.385283 0.365651
0.391784 0.348803
0.402657 0.362009
0.382973 0.381410
0.393049 0.279748
0.396411 0.291405
0.403918 0.305887
0.364665 0.369324
0.368957 0.350651
0.379474 0.332309
0.454661 0.127844
0.455489 0.151538
0.428373 0.153065
0.458295 0.169324
0.461854 0.186483
0.369016 0.312449
0.355236 0.331175
0.345755 0.354551
0.484248 0.563323
0.466669 0.546676
0.484574 0.545492
0.411824 0.558560
0.430873 0.553781
0.430284 0.568394
0.391359 0.558710
0.409715 0.572297
0.449277 0.548811
0.448426 0.565753
0.130168 0.571682
0.157914 0.591746
0.137852 0.607350
0.196508 0.275429
0.229904 0.267046
0.229771 0.299352
0.164890 0.284508
0.194929 0.306194
0.204240 0.201176
0.236212 0.227588
0.163390 0.249284
0.129545 0.264420
0.199330 0.237978
0.163423 0.212328
0.123963 0.231659
0.090035 0.253069
0.101097 0.308877
0.138279 0.298685
0.138560 0.336915
0.095243 0.275940
0.431622 0.539625
0.412049 0.544910
0.411547 0.533995
0.392840 0.534938
0.393781 0.547337
0.164633 0.311823
0.178863 0.346321
0.237120 0.478570
0.254693 0.496640
0.235952 0.502382
0.276626 0.509197
0.260256 0.518624
0.122365 0.371147
0.105773 0.339787
0.137572 0.401338
0.157035 0.374576
0.120060 0.208651
0.162892 0.184960
0.082564 0.235666
0.470515 0.067166
0.464849 0.054534
0.447191 0.072119
0.426451 0.065939
0.421247 0.087439
0.394727 0.084678
0.324330 0.178851
0.343777 0.141728
0.410666 0.133034
0.479482 0.095867
0.476398 0.080263
0.462218 0.098308
0.452450 0.082176
0.448412 0.101366
0.378391 0.137375
0.165812 0.631297
0.466687 0.728966
0.471893 0.687737
0.185464 0.612957
0.213232 0.632175
0.387973 0.572654
0.367231 0.569750
0.372512 0.557290
0.283225 0.533962
0.315016 0.536308
0.330723 0.545246
0.324447 0.556898
0.353028 0.553373
0.346282 0.563867
0.304594 0.545596
0.298138 0.523971
0.374577 0.544492
0.356632 0.539445
0.356442 0.528929
0.321866 0.524697
0.308514 0.516425
0.315213 0.500686
0.335366 0.531349
0.326385 0.513397
0.268703 0.451074
0.287648 0.474341
0.265880 0.481286
0.303293 0.489456
0.290864 0.498459
0.485898 0.458609
0.444074 0.440495
0.419681 0.424178
0.430878 0.432041
0.408078 0.416062
0.395997 0.407126
0.382921 0.398237
0.365121 0.387414
0.344535 0.376076
0.320155 0.357473
0.295287 0.358537
0.301199 0.328825
0.220767 0.670846
0.192127 0.653312
0.253814 0.685464
0.246224 0.650557
0.291994 0.697814
0.280581 0.663936
0.327527 0.707521
0.315121 0.676785
0.365810 0.714936
0.349279 0.683168
0.399012 0.719751
0.382753 0.686566
0.466434 0.563711
0.433097 0.726654
0.443840 0.688309
0.412646 0.687176
0.421975 0.373969
0.427904 0.356928
0.426978 0.377161
0.430029 0.396515
0.422645 0.386878
0.439711 0.348882
0.441996 0.357761
0.438913 0.344931
0.451188 0.378857
0.446183 0.389232
0.451060 0.400720
0.441835 0.396898
0.437736 0.400668
0.473167 0.363311
0.475621 0.365941
0.467109 0.366473
0.476761 0.344413
0.481920 0.347148
0.473856 0.350860
0.466602 0.349291
0.463218 0.349698
0.463975 0.342952
0.469933 0.349484
0.469920 0.343263
0.461009 0.350402
0.459250 0.345524
0.455824 0.349800
0.476460 0.362063
0.479918 0.363546
0.482562 0.364495
0.466082 0.368311
0.487162 0.344688
0.331178 0.475309
0.333710 0.477276
0.330418 0.480134
0.327428 0.478530
0.323358 0.475112
0.317061 0.471851
0.331954 0.480316
0.330688 0.481218
0.335868 0.471883
0.332309 0.467266
0.322314 0.465324
0.327468 0.471080
0.336503 0.454576
0.328301 0.460694
0.263911 0.328583
0.295521 0.254994
0.307146 0.216230
0.292563 0.294268
0.154831 0.562011
0.180009 0.581490
0.474643 0.660802
0.207284 0.599693
0.237269 0.616608
0.271125 0.632813
0.303817 0.644594
0.334631 0.652073
0.367224 0.657224
0.396637 0.659760
0.450103 0.661298
0.424383 0.660788
0.210113 0.481857
0.180719 0.457649
0.212034 0.453703
0.423748 0.489344
0.422704 0.487333
0.419581 0.471138
0.419970 0.475595
0.429428 0.486945
0.422362 0.484085
0.421522 0.478845
0.419894 0.477171
0.410989 0.473969
0.432943 0.484953
0.431991 0.490855
0.419896 0.462367
0.419911 0.468201
0.422939 0.472499
0.422824 0.477358
0.423678 0.471086
0.427525 0.473573
0.425390 0.467585
0.431155 0.473365
0.476626 0.408496
0.474879 0.418185
0.470942 0.437849
0.472421 0.428758
0.478725 0.389069
0.479366 0.398067
0.489350 0.398714
0.482152 0.376967
0.470646 0.454342
0.490895 0.387906
0.492479 0.377823
0.493829 0.326093
0.493933 0.315745
0.491761 0.337211
0.492450 0.342605
0.493796 0.307765
0.492520 0.363676
0.428261 0.527417
0.441521 0.518120
0.450079 0.532340
0.484656 0.508065
0.484395 0.491848
0.469961 0.509108
0.471513 0.489058
0.458932 0.497381
0.466983 0.528517
0.484673 0.526894
0.454153 0.510436
0.431542 0.443283
0.430114 0.452893
0.419336 0.446044
0.408566 0.439887
0.407424 0.428129
0.419312 0.435637
0.396897 0.434345
0.395770 0.421094
0.384095 0.428346
0.383501 0.414423
0.370373 0.422337
0.367950 0.407564
0.354713 0.418780
0.336281 0.416755
0.329835 0.393807
0.349651 0.399199
0.485002 0.476771
0.456283 0.450325
0.456133 0.463091
0.443098 0.451429
0.318019 0.417425
0.308178 0.390778
0.251072 0.392390
0.243939 0.361231
0.269718 0.358110
0.281108 0.390425
0.297053 0.419287
0.273137 0.421841
0.441718 0.463016
0.470799 0.470287
0.455507 0.480038
0.263089 0.773320
0.228527 0.757188
0.263189 0.727399
0.145590 0.698778
0.122015 0.680181
0.143505 0.651124
0.198461 0.736935
0.173357 0.714309
0.199561 0.690978
0.170038 0.672869
0.098064 0.657368
0.121005 0.628115
0.227291 0.707860
0.298705 0.739316
0.339483 0.749491
0.381481 0.759227
0.304983 0.792887
0.355672 0.809667
0.451731 0.825775
0.423329 0.765753
0.462204 0.768035
0.404323 0.820314
0.093340 0.601970
0.115743 0.582429
0.073552 0.628084
0.111751 0.543500
0.129851 0.536319
0.037661 0.536788
0.016066 0.548272
0.011070 0.525683
0.058110 0.487494
0.069921 0.469397
0.091309 0.488224
0.056546 0.523029
0.024883 0.519849
0.075168 0.507063
0.046805 0.505099
0.102562 0.465115
0.051629 0.557098
0.025872 0.577126
0.114088 0.510362
0.139903 0.491100
0.090346 0.526424
0.072632 0.542857
0.047043 0.599906
0.074000 0.578136
0.094305 0.562354
0.415893 0.320947
0.380460 0.284332
0.404283 0.218051
0.390343 0.239207
0.482984 0.202272
0.446573 0.202330
0.426956 0.207192
0.383722 0.255167
0.376879 0.268713
0.401115 0.333934
0.465466 0.201023
0.385450 0.301801
0.391436 0.318876
0.409353 0.346322
0.420029 0.334482
0.446409 0.301144
0.438835 0.319807
0.437039 0.336401
0.460890 0.318078
0.460769 0.341154
0.457818 0.329927
0.462615 0.304638
0.452963 0.346000
0.450732 0.352085
0.460554 0.363755
0.464482 0.360496
0.467869 0.363447
0.457155 0.370974
0.458685 0.366207
0.478555 0.353015
0.483267 0.352895
0.486993 0.354927
0.493623 0.352355
0.452679 0.361824
0.454095 0.359367
0.458386 0.352219
0.448978 0.365327
0.459425 0.355977
0.452541 0.040747
0.403912 0.061768
0.364003 0.082805
0.284835 0.184218
0.305434 0.146434
0.261376 0.296403
0.261666 0.260337
0.271149 0.221668
0.235291 0.332878
0.244656 0.424853
0.217177 0.366235
0.207686 0.338018
0.222571 0.397497
0.241544 0.453416
0.190061 0.380647
0.217857 0.426661
0.171787 0.404360
0.189079 0.428507
0.155846 0.430274
0.197357 0.404790
0.177032 0.550849
0.203186 0.569755
0.232415 0.588326
0.260839 0.602984
0.476928 0.637912
0.380321 0.636216
0.292145 0.616838
0.321438 0.626641
0.351421 0.634046
0.406708 0.638043
0.430932 0.638660
0.453897 0.637986
0.199067 0.544319
0.479855 0.618316
0.413519 0.620562
0.254460 0.576908
0.364909 0.618605
0.389041 0.619246
0.336356 0.612228
0.281987 0.591222
0.309492 0.603770
0.436349 0.619752
0.457926 0.618581
0.226048 0.561730
0.151969 0.529498
0.172715 0.521753
0.483479 0.580725
0.445515 0.582271
0.425486 0.585845
0.265333 0.543359
0.241119 0.529215
0.213382 0.510164
0.062104 0.272307
0.055942 0.254724
0.403670 0.587547
0.382804 0.587839
0.290266 0.556591
0.334911 0.579035
0.312252 0.570480
0.357811 0.586235
0.465648 0.581255
0.482653 0.599011
0.419937 0.602831
0.440902 0.601617
0.220510 0.537519
0.246503 0.552259
0.273246 0.565992
0.298802 0.581315
0.373140 0.602219
0.397706 0.602943
0.348280 0.599777
0.323377 0.591774
0.463113 0.599526
0.195070 0.516258
0.066674 0.371868
0.061390 0.349519
0.084096 0.341219
0.091980 0.375530
0.107364 0.396506
0.078099 0.404392
0.112108 0.434640
0.079076 0.441675
0.078898 0.321614
0.067452 0.292166
0.146822 0.459714
0.175749 0.486854
0.391433 0.523511
0.374269 0.522114
0.342373 0.509707
0.331372 0.501578
0.424157 0.515951
0.443723 0.478902
0.446309 0.489115
0.319468 0.493131
0.357913 0.434489
0.409041 0.450669
0.372873 0.437816
0.386591 0.441402
0.398722 0.446005
0.310533 0.484287
0.303995 0.473730
0.296659 0.451170
0.409130 0.522594
0.374798 0.532828
0.356138 0.516945
0.339344 0.520893
0.313962 0.442444
0.342226 0.435093
0.326612 0.438303
0.419488 0.455328
0.443726 0.498573
0.427293 0.462068
0.437258 0.470278
0.435210 0.508470
0.427321 0.499932
0.059568 0.329049
0.166268 0.157572
0.116920 0.191315
0.109702 0.175120
0.434034 0.126357
0.438196 0.109578
0.452706 0.111924
0.285453 0.114311
0.166039 0.139397
0.221026 0.132512
0.479157 0.128611
0.478723 0.110273
0.076214 0.223635
0.366674 0.110440
0.397720 0.109572
0.424501 0.110299
0.428642 0.095387
0.067896 0.216329
0.332190 0.112754
0.047503 0.255573
0.043636 0.304349
0.029654 0.285735
0.030802 0.251384
0.008904 0.281884
0.491285 0.300976
0.490687 0.294199
0.479689 0.300705
0.479868 0.293497
0.440057 0.287833
0.441096 0.283370
0.452575 0.285983
0.425392 0.282222
0.427765 0.278170
0.412328 0.274977
0.414555 0.273002
0.410792 0.267449
0.408652 0.270325
0.407318 0.265082
0.410254 0.264362
0.487832 0.244541
0.461053 0.243142
0.461819 0.247338
0.449129 0.250591
0.434865 0.252709
0.433333 0.250709
0.447584 0.246278
0.421373 0.254743
0.422248 0.256270
0.413887 0.261125
0.412123 0.260794
0.487103 0.239730
0.474926 0.245363
0.474082 0.240797
0.464309 0.295459
0.465866 0.289603
0.451268 0.290957
0.467378 0.282645
0.479557 0.284657
0.489974 0.285167
0.455788 0.279515
0.443269 0.277059
0.430183 0.274572
0.417456 0.269773
0.415252 0.267121
0.413639 0.263536
0.462058 0.252044
0.449841 0.253750
0.436706 0.255551
0.422399 0.257964
0.487551 0.250507
0.474627 0.250872
0.000885 0.509996
0.020468 0.507113
0.035671 0.492460
0.054285 0.400485
0.052195 0.371722
0.049868 0.344071
0.051572 0.425210
0.045961 0.472326
0.048695 0.451295
0.045551 0.327455
0.021093 0.297303
0.385609 0.498757
0.398016 0.496739
0.372803 0.497566
0.356088 0.492534
0.343123 0.489923
0.333523 0.485859
0.409734 0.493685
0.415590 0.488494
0.348770 0.476192
0.341172 0.478310
0.405264 0.474689
0.359434 0.473662
0.394315 0.472654
0.371581 0.472585
0.382412 0.471872
0.420584 0.480172
0.419308 0.479141
0.420786 0.480965
0.422596 0.482557
0.330912 0.481629
0.330799 0.482758
0.336066 0.479164
0.331879 0.481021
0.419817 0.483692
0.418728 0.478763
0.411062 0.476269
0.420385 0.482451
0.332270 0.483537
0.038779 0.310125
0.001344 0.296357
0.356755 0.951277
0.359171 0.976724
0.359171 0.991079
0.359171 0.961302
0.359171 0.946160
0.359171 0.931192
0.359171 0.917589
0.362962 0.991079
0.362962 0.976724
0.379000 0.976724
0.379000 0.991079
0.401807 0.976724
0.401807 0.991079
0.422294 0.961302
0.422294 0.946160
0.444855 0.946160
0.444855 0.961302
0.537398 0.961302
0.537398 0.946160
0.555342 0.946160
0.555342 0.961302
0.480919 0.946160
0.480919 0.931192
0.500099 0.931192
0.500099 0.946160
0.444855 0.931192
0.444855 0.917589
0.462800 0.917589
0.462800 0.931192
0.444855 0.976724
0.462800 0.961302
0.462800 0.976724
0.621198 0.976724
0.621198 0.961302
0.637236 0.961302
0.637236 0.976724
0.362962 0.946160
0.362962 0.961302
0.379000 0.961302
0.379000 0.946160
0.401807 0.946160
0.401807 0.961302
0.379000 0.931192
0.401807 0.931192
0.598391 0.946160
0.598391 0.931192
0.621198 0.931192
0.621198 0.946160
0.577904 0.931192
0.577904 0.917589
0.598391 0.917589
0.519279 0.946160
0.519279 0.931192
0.537398 0.931192
0.537398 0.991079
0.537398 0.976724
0.555342 0.976724
0.555342 0.991079
0.422294 0.976724
0.500099 0.976724
0.500099 0.961302
0.519279 0.961302
0.519279 0.976724
0.362962 0.931192
0.637236 0.931192
0.637236 0.946160
0.362962 0.917589
0.379000 0.917589
0.422294 0.931192
0.401807 0.917589
0.577904 0.991079
0.577904 0.976724
0.598391 0.976724
0.598391 0.991079
0.577904 0.946160
0.577904 0.961302
0.641026 0.946160
0.641026 0.961302
0.462800 0.991079
0.480919 0.976724
0.480919 0.991079
0.598391 0.961302
0.480919 0.961302
0.462800 0.946160
0.480919 0.917589
0.500099 0.917589
0.555342 0.931192
0.555342 0.917589
0.641026 0.976724
0.537398 0.917589
0.519279 0.917589
0.500099 0.991079
0.519279 0.991079
0.621198 0.991079
0.637236 0.991079
0.637236 0.917589
0.641026 0.917589
0.641026 0.931192
0.621198 0.917589
0.422294 0.991079
0.444855 0.991079
0.422294 0.917589
0.641026 0.991079
0.643443 0.951277
0.817666 0.822298
0.821579 0.812610
0.824608 0.818206
0.855094 0.789021
0.851264 0.792758
0.852297 0.789487
0.857628 0.790684
0.860955 0.797402
0.856550 0.794367
0.851248 0.790268
0.849301 0.791547
0.853982 0.794013
0.846740 0.789527
0.848212 0.788090
0.821416 0.803677
0.822322 0.809807
0.826782 0.815170
0.877666 0.816012
0.876498 0.803359
0.882782 0.804787
0.842151 0.809971
0.844745 0.804095
0.846736 0.809089
0.838577 0.804457
0.841757 0.804603
0.863269 0.799851
0.863265 0.793395
0.867340 0.796297
0.843286 0.812594
0.837491 0.809960
0.846451 0.811768
0.841763 0.800229
0.844791 0.800892
0.839880 0.799066
0.836304 0.803927
0.836422 0.799591
0.835622 0.790695
0.833615 0.794143
0.832529 0.793835
0.841574 0.793137
0.839279 0.789185
0.841777 0.790332
0.836355 0.792516
0.839096 0.792320
0.844173 0.793093
0.853504 0.842819
0.843407 0.831325
0.850076 0.831879
0.824669 0.830669
0.829569 0.824314
0.835596 0.838275
0.835650 0.828814
0.831035 0.819649
0.834350 0.808810
0.831575 0.807785
0.832720 0.806403
0.834098 0.803244
0.837069 0.823254
0.833930 0.810695
0.838003 0.813276
0.844410 0.787274
0.846965 0.787114
0.849793 0.785365
0.849853 0.783849
0.851812 0.783215
0.827042 0.789308
0.821025 0.793658
0.823300 0.785285
0.820232 0.802917
0.824316 0.793591
0.831117 0.800188
0.830748 0.797918
0.832139 0.796686
0.830566 0.802227
0.834946 0.798133
0.844462 0.797922
0.842010 0.798084
0.837557 0.796810
0.835734 0.795629
0.840736 0.795459
0.837664 0.794418
0.842050 0.796338
0.840118 0.797330
0.836492 0.794397
0.849184 0.802300
0.850620 0.807021
0.851993 0.808940
0.845872 0.795845
0.843433 0.794172
0.846533 0.797448
0.848089 0.800330
0.843529 0.842122
0.843149 0.824122
0.864025 0.839185
0.859495 0.829240
0.856187 0.821324
0.848912 0.823423
0.851943 0.781151
0.845372 0.779693
0.850539 0.778266
0.846562 0.782852
0.842934 0.785656
0.843084 0.784974
0.846125 0.785938
0.879215 0.793903
0.884710 0.793625
0.857873 0.786675
0.864368 0.787573
0.869118 0.788650
0.853159 0.786250
0.851634 0.786296
0.854114 0.780699
0.826997 0.799176
0.827801 0.803678
0.828932 0.810007
0.867252 0.804903
0.871360 0.798813
0.848592 0.816452
0.842769 0.817485
0.833881 0.814383
0.837337 0.817305
0.854304 0.813857
0.874927 0.791541
0.834386 0.789428
0.829229 0.793959
0.859654 0.782243
0.863455 0.781991
0.870063 0.782222
0.856614 0.778994
0.855363 0.786565
0.855537 0.783379
0.854544 0.785746
0.824536 0.808136
0.822600 0.802094
0.871642 0.811142
0.830920 0.788756
0.825335 0.793610
0.846885 0.793763
0.849554 0.795748
0.856343 0.802738
0.853335 0.800279
0.851861 0.797370
0.858251 0.805448
0.844676 0.790608
0.843100 0.788227
0.839663 0.786325
0.865002 0.817400
0.861245 0.810086
0.868924 0.825366
0.883066 0.784055
0.878072 0.780706
0.877299 0.776055
0.879135 0.786626
0.874144 0.832564
0.883016 0.822113
0.891805 0.807289
0.890027 0.791548
0.876684 0.784481
0.874448 0.778472
0.870873 0.772700
0.854991 0.769618
0.848264 0.775484
0.844415 0.770153
0.857268 0.776121
0.865536 0.775871
0.864881 0.770451
0.828201 0.779529
0.834273 0.784233
0.840606 0.779918
0.836233 0.774030
0.946680 0.719178
0.957155 0.694453
0.959045 0.697699
0.971157 0.683679
0.969486 0.679035
0.983500 0.668846
0.831147 0.853474
0.844444 0.857787
0.869042 0.851831
0.857771 0.857323
0.978822 0.682467
0.978077 0.698441
0.968051 0.696654
0.986656 0.671291
0.986736 0.685712
0.993040 0.675875
0.911941 0.776454
0.918277 0.757044
0.923704 0.758085
0.892055 0.969523
0.863077 0.963159
0.885714 0.953560
0.867982 0.979374
0.836951 0.970531
0.809239 0.990549
0.839959 0.986757
0.904865 0.942758
0.855774 0.931777
0.880917 0.938148
0.858667 0.947725
0.834558 0.953421
0.809473 0.938132
0.808657 0.956450
0.875849 0.923121
0.897957 0.925804
0.941643 0.847414
0.944439 0.869606
0.936302 0.850899
0.923182 0.773232
0.935400 0.770993
0.925178 0.789303
0.934117 0.757831
0.943586 0.756820
0.937421 0.786409
0.929904 0.804052
0.944061 0.766702
0.941897 0.781148
0.937915 0.796356
0.950849 0.745512
0.947823 0.742116
0.956725 0.733755
0.950090 0.729712
0.947449 0.753433
0.959297 0.711093
0.972184 0.707350
0.964385 0.720836
0.937569 0.717872
0.933422 0.742222
0.925073 0.739835
0.978293 0.921315
0.960201 0.910282
0.971958 0.908372
0.831097 0.894133
0.813359 0.872351
0.831096 0.872858
0.848788 0.893095
0.846487 0.872934
0.875156 0.866951
0.861798 0.873408
0.865811 0.889407
0.879906 0.880627
0.935849 0.820340
0.929849 0.833157
0.924275 0.816388
0.965161 0.886346
0.694288 0.906708
0.660524 0.899257
0.673209 0.886561
0.725393 0.870279
0.719405 0.847945
0.733101 0.857162
0.717936 0.880422
0.708916 0.856884
0.736368 0.893056
0.741803 0.880459
0.715734 0.925510
0.705925 0.894433
0.725963 0.911231
0.687652 0.874430
0.699478 0.864645
0.704828 0.940785
0.694748 0.958445
0.679595 0.924933
0.644718 0.914935
0.668559 0.938115
0.807527 0.827713
0.814916 0.843025
0.730411 0.815670
0.723540 0.826629
0.717977 0.815202
0.741310 0.828782
0.741685 0.815370
0.753910 0.828913
0.871143 0.907423
0.886765 0.896819
0.891939 0.910818
0.725920 0.840404
0.739159 0.844441
0.729981 0.829355
0.752383 0.847718
0.813045 0.894950
0.831608 0.916116
0.811700 0.915850
0.832817 0.935412
0.852497 0.914579
0.749429 0.864492
0.737501 0.937644
0.745865 0.922290
0.729239 0.953662
0.753970 0.814742
0.767980 0.829534
0.766106 0.848394
0.754761 0.904361
0.760129 0.888157
0.764221 0.868401
0.720142 0.972454
0.805813 0.814036
0.789057 0.937045
0.785813 0.954462
0.797087 0.872502
0.795091 0.893260
0.796920 0.847964
0.797243 0.829265
0.792019 0.914371
0.793877 0.815691
0.808579 0.973366
0.781878 0.971279
0.779570 0.989411
0.759080 0.947338
0.764806 0.930997
0.753158 0.964099
0.777024 0.890881
0.779355 0.871114
0.781247 0.848507
0.782888 0.830434
0.771934 0.910830
0.767786 0.813763
0.781829 0.814319
0.748558 0.983025
0.933035 0.861326
0.930023 0.884175
0.924412 0.872594
0.918772 0.857995
0.918683 0.829742
0.925653 0.846208
0.921610 0.893075
0.938587 0.875329
0.915954 0.882793
0.910155 0.870244
0.639167 0.881126
0.625803 0.892469
0.706125 0.836830
0.695180 0.842546
0.707129 0.818584
0.717239 0.831725
0.609017 0.871229
0.621798 0.860690
0.694441 0.822306
0.681138 0.825870
0.684353 0.848641
0.655872 0.867864
0.649648 0.841392
0.670031 0.857669
0.635062 0.850823
0.666187 0.832486
0.905144 0.896265
0.912955 0.914954
0.886440 0.856003
0.896172 0.844610
0.893660 0.869942
0.903030 0.856658
0.899957 0.883032
0.911427 0.843433
0.901093 0.793035
0.899770 0.783929
0.919616 0.803309
0.912501 0.816728
0.898208 0.817541
0.914484 0.788346
0.906997 0.805071
0.889675 0.831395
0.879918 0.843689
0.904716 0.829958
0.952064 0.889361
0.951511 0.867894
0.920833 0.932328
0.938105 0.899039
0.945389 0.893674
0.928204 0.906339
0.912232 0.958083
0.945408 0.917460
0.961554 0.928117
0.952401 0.932800
0.968274 0.925098
0.952834 0.913405
0.935296 0.923125
0.942779 0.938376
0.929432 0.946987
0.952822 0.845201
0.945415 0.846134
0.944264 0.799009
0.940332 0.819472
0.948973 0.820540
0.957607 0.865846
0.814685 0.812287
0.981006 0.666546
0.908525 0.770726
0.182334 0.822298
0.175392 0.818207
0.178421 0.812610
0.144906 0.789021
0.147703 0.789487
0.148736 0.792758
0.142372 0.790684
0.143450 0.794367
0.139045 0.797402
0.148752 0.790268
0.150699 0.791547
0.146018 0.794013
0.151788 0.788090
0.153260 0.789527
0.177678 0.809807
0.178584 0.803677
0.173218 0.815170
0.122334 0.816012
0.117218 0.804787
0.123501 0.803359
0.157849 0.809971
0.153264 0.809089
0.155255 0.804095
0.158243 0.804603
0.161423 0.804457
0.136731 0.799852
0.132660 0.796297
0.136735 0.793394
0.156714 0.812594
0.162509 0.809960
0.153549 0.811768
0.155209 0.800892
0.158237 0.800229
0.160119 0.799066
0.163578 0.799591
0.163696 0.803927
0.164378 0.790695
0.167470 0.793835
0.166385 0.794143
0.158426 0.793137
0.158222 0.790332
0.160721 0.789185
0.163645 0.792516
0.160904 0.792320
0.155827 0.793093
0.146496 0.842819
0.149924 0.831879
0.156593 0.831325
0.175331 0.830669
0.170431 0.824314
0.164404 0.838275
0.164350 0.828814
0.168965 0.819649
0.165649 0.808810
0.167280 0.806403
0.168425 0.807785
0.165902 0.803244
0.162931 0.823254
0.166070 0.810695
0.161997 0.813276
0.153035 0.787114
0.155590 0.787274
0.150207 0.785365
0.148188 0.783215
0.150147 0.783849
0.172958 0.789308
0.176700 0.785285
0.178975 0.793658
0.179768 0.802917
0.175684 0.793591
0.168883 0.800188
0.167861 0.796686
0.169252 0.797918
0.169434 0.802227
0.165054 0.798133
0.155538 0.797922
0.157990 0.798084
0.162443 0.796810
0.164265 0.795629
0.162336 0.794418
0.159264 0.795459
0.157950 0.796338
0.159882 0.797330
0.163508 0.794397
0.149380 0.807021
0.150816 0.802300
0.148007 0.808940
0.154128 0.795845
0.156567 0.794172
0.153467 0.797448
0.151911 0.800330
0.156471 0.842122
0.156851 0.824122
0.135975 0.839185
0.140505 0.829240
0.143813 0.821324
0.151088 0.823423
0.148057 0.781151
0.149461 0.778266
0.154628 0.779693
0.153438 0.782852
0.156916 0.784974
0.157066 0.785656
0.153875 0.785938
0.115290 0.793625
0.120784 0.793903
0.142127 0.786675
0.135632 0.787573
0.130882 0.788650
0.146841 0.786250
0.148366 0.786296
0.145886 0.780699
0.173003 0.799176
0.172199 0.803678
0.171068 0.810007
0.132748 0.804903
0.128640 0.798813
0.157231 0.817485
0.151408 0.816452
0.166119 0.814383
0.162663 0.817305
0.145696 0.813857
0.125073 0.791541
0.165614 0.789428
0.170771 0.793959
0.136545 0.781992
0.140346 0.782243
0.129937 0.782222
0.143386 0.778994
0.144637 0.786565
0.144463 0.783379
0.145456 0.785746
0.177400 0.802094
0.175464 0.808136
0.128358 0.811142
0.169080 0.788757
0.174665 0.793610
0.153115 0.793763
0.150446 0.795748
0.146665 0.800279
0.143657 0.802738
0.148139 0.797370
0.141749 0.805448
0.155324 0.790608
0.156900 0.788227
0.160337 0.786325
0.134998 0.817400
0.138755 0.810086
0.131075 0.825366
0.116934 0.784055
0.122701 0.776055
0.121928 0.780706
0.120865 0.786626
0.125856 0.832564
0.116984 0.822112
0.108195 0.807289
0.109973 0.791548
0.123316 0.784481
0.129127 0.772700
0.125552 0.778472
0.145009 0.769618
0.155585 0.770153
0.151736 0.775484
0.142732 0.776121
0.134464 0.775871
0.135119 0.770451
0.165727 0.784233
0.171799 0.779529
0.159394 0.779918
0.163767 0.774030
0.053320 0.719178
0.040955 0.697699
0.042844 0.694453
0.028843 0.683679
0.030514 0.679035
0.016500 0.668846
0.168853 0.853474
0.155556 0.857787
0.130958 0.851831
0.142229 0.857323
0.021178 0.682467
0.031949 0.696654
0.021923 0.698441
0.013344 0.671291
0.013264 0.685712
0.006960 0.675875
0.088059 0.776454
0.076296 0.758085
0.081723 0.757044
0.107944 0.969523
0.114286 0.953560
0.136923 0.963159
0.132018 0.979374
0.163049 0.970531
0.190761 0.990549
0.160041 0.986757
0.095135 0.942758
0.144226 0.931777
0.141333 0.947725
0.119083 0.938148
0.165442 0.953421
0.190527 0.938132
0.191343 0.956450
0.124151 0.923121
0.102043 0.925804
0.058357 0.847414
0.063698 0.850899
0.055561 0.869606
0.076818 0.773232
0.074821 0.789303
0.064600 0.770993
0.065883 0.757831
0.056414 0.756820
0.070096 0.804052
0.062579 0.786409
0.055939 0.766702
0.062085 0.796356
0.058103 0.781148
0.049151 0.745512
0.043275 0.733755
0.052177 0.742116
0.049910 0.729712
0.052551 0.753433
0.040703 0.711093
0.027816 0.707350
0.035615 0.720836
0.062431 0.717872
0.074927 0.739835
0.066578 0.742222
0.021707 0.921315
0.028042 0.908372
0.039798 0.910282
0.168903 0.894133
0.168904 0.872858
0.186641 0.872351
0.151212 0.893095
0.153513 0.872934
0.138202 0.873408
0.124844 0.866951
0.134189 0.889407
0.120094 0.880627
0.064151 0.820341
0.070151 0.833157
0.075725 0.816388
0.034839 0.886346
0.305712 0.906708
0.326791 0.886561
0.339476 0.899257
0.274607 0.870279
0.266899 0.857162
0.280595 0.847945
0.282064 0.880422
0.291084 0.856884
0.263632 0.893055
0.258197 0.880459
0.284266 0.925510
0.274036 0.911231
0.294075 0.894433
0.312348 0.874430
0.300522 0.864645
0.295171 0.940785
0.305252 0.958445
0.320405 0.924933
0.355282 0.914935
0.331441 0.938115
0.192473 0.827713
0.185084 0.843025
0.269589 0.815670
0.282023 0.815202
0.276460 0.826629
0.258690 0.828782
0.258315 0.815370
0.246090 0.828913
0.128857 0.907423
0.113235 0.896819
0.108061 0.910817
0.260841 0.844441
0.274080 0.840404
0.270019 0.829355
0.247617 0.847718
0.186955 0.894950
0.188300 0.915850
0.168393 0.916116
0.167183 0.935412
0.147503 0.914579
0.250571 0.864492
0.262499 0.937644
0.254135 0.922290
0.270761 0.953662
0.246030 0.814742
0.232020 0.829534
0.233894 0.848394
0.245239 0.904362
0.239871 0.888157
0.235779 0.868401
0.279858 0.972454
0.194187 0.814036
0.210943 0.937045
0.214187 0.954462
0.202913 0.872503
0.204909 0.893260
0.203080 0.847964
0.202757 0.829265
0.207981 0.914371
0.206123 0.815691
0.218122 0.971279
0.191420 0.973366
0.220430 0.989411
0.240920 0.947338
0.235194 0.930997
0.246842 0.964099
0.222976 0.890881
0.220645 0.871114
0.218753 0.848507
0.217112 0.830434
0.228066 0.910830
0.218171 0.814319
0.232214 0.813763
0.251442 0.983025
0.066965 0.861326
0.075588 0.872594
0.069977 0.884175
0.081228 0.857995
0.074347 0.846208
0.081317 0.829742
0.078390 0.893075
0.061413 0.875329
0.089845 0.870244
0.084046 0.882793
0.360833 0.881126
0.374197 0.892469
0.293875 0.836830
0.304820 0.842546
0.292871 0.818584
0.282761 0.831725
0.378202 0.860690
0.390983 0.871229
0.305559 0.822306
0.318862 0.825870
0.315647 0.848641
0.344128 0.867864
0.329969 0.857669
0.350352 0.841392
0.364938 0.850823
0.333813 0.832486
0.087045 0.914954
0.094856 0.896265
0.113561 0.856003
0.103828 0.844610
0.106340 0.869942
0.096970 0.856658
0.100043 0.883032
0.088573 0.843433
0.098907 0.793035
0.100230 0.783929
0.080384 0.803309
0.087499 0.816728
0.101792 0.817541
0.085516 0.788346
0.093003 0.805071
0.110325 0.831395
0.120082 0.843689
0.095284 0.829958
0.047936 0.889361
0.048489 0.867894
0.079167 0.932327
0.061895 0.899039
0.054611 0.893674
0.071796 0.906339
0.087768 0.958083
0.054592 0.917460
0.047599 0.932800
0.038446 0.928117
0.031726 0.925098
0.047166 0.913405
0.064704 0.923125
0.057221 0.938376
0.070568 0.946987
0.047178 0.845201
0.054585 0.846134
0.055736 0.799009
0.059668 0.819472
0.051027 0.820540
0.042393 0.865846
0.185315 0.812287
0.018994 0.666546
0.091475 0.770726
