0 1 2
2 3 0
4 5 6
6 7 4
1 8 9
9 2 1
8 10 11
11 9 8
12 13 14
14 15 12
13 16 17
17 14 13
18 0 3
3 19 18
5 18 19
19 6 5
10 12 15
15 11 10
20 21 22
22 23 20
21 24 25
25 22 21
24 26 27
27 25 24
28 20 23
23 29 28
30 28 29
29 31 30
32 30 31
31 33 32
34 32 33
33 35 34
36 34 35
35 37 36
16 36 37
37 17 16
38 39 40
38 41 42
42 43 44
44 45 46
47 48 39
49 50 51
52 42 53
50 53 54
53 44 55
54 55 56
46 55 44
57 56 55
38 49 47
58 47 49
59 60 58
58 61 62
61 48 62
63 60 64
63 65 61
49 59 58
66 67 68
69 70 71
72 73 74
75 76 77
78 79 80
79 81 80
82 77 81
83 80 81
84 78 80
85 86 87
85 88 78
85 89 90
81 91 83
77 92 91
76 93 92
94 95 70
96 97 95
98 99 100
101 100 102
98 103 104
103 105 104
106 107 108
109 110 111
112 108 110
113 114 115
116 84 83
86 117 118
119 120 121
122 123 124
95 125 126
127 128 129
130 131 128
132 133 134
135 39 136
137 39 48
138 40 135
138 43 41
139 45 43
137 65 140
140 141 142
143 90 89
144 74 73
145 88 90
146 73 75
147 79 88
148 82 79
149 75 82
150 102 100
151 100 99
152 153 154
45 152 154
46 154 155
156 154 153
157 158 57
155 57 46
89 159 143
160 64 60
104 161 98
157 156 162
163 162 164
165 166 167
168 169 170
171 172 173
174 175 176
177 172 178
179 172 180
181 182 174
183 134 133
184 185 186
167 187 165
188 189 190
191 188 192
193 194 195
195 196 193
197 198 199
200 197 201
202 203 204
205 206 207
206 208 191
208 204 189
209 205 210
211 212 213
213 214 215
207 210 205
91 216 217
218 210 219
211 219 210
92 220 216
221 222 194
223 222 224
225 226 227
71 228 69
229 67 228
68 230 231
230 71 232
233 71 70
234 120 122
234 235 236
234 124 237
237 97 234
70 126 233
173 238 239
240 239 241
242 182 243
242 180 177
243 244 245
180 245 179
246 247 248
249 250 66
251 247 252
83 217 116
253 254 255
256 219 253
66 231 257
249 257 258
247 258 259
260 253 261
261 255 262
263 264 265
266 133 265
267 183 266
133 263 265
240 265 264
241 266 240
174 268 181
269 262 268
270 261 269
269 176 270
271 272 273
274 272 275
276 277 278
279 280 276
278 281 282
283 284 285
286 287 288
289 290 286
291 292 114
286 293 289
294 289 293
295 288 292
296 295 291
297 293 296
298 294 297
299 300 301
299 294 302
303 304 305
306 305 304
278 305 276
282 303 278
276 307 279
308 301 300
300 309 308
310 311 312
312 313 314
315 300 316
317 318 315
319 296 320
321 297 319
113 296 291
322 323 324
325 324 326
327 326 328
178 329 330
264 331 171
173 264 171
332 333 334
335 334 333
334 336 332
322 337 334
337 338 336
327 337 325
171 339 178
340 285 284
341 342 343
340 344 345
346 347 348
349 314 313
350 351 352
353 348 347
354 352 351
355 356 349
306 357 307
357 358 359
360 361 362
358 363 359
363 364 360
357 353 347
353 363 352
352 360 350
279 357 347
365 366 367
367 368 369
366 314 368
356 368 314
362 369 368
350 362 356
370 168 170
371 190 189
372 204 203
373 189 204
374 203 209
375 209 218
376 218 256
377 256 260
378 260 270
379 380 381
382 344 383
384 385 382
386 387 384
388 389 386
390 391 388
392 393 390
274 281 394
343 395 396
396 397 392
398 200 399
212 399 214
398 198 400
207 398 212
199 401 402
402 207 206
399 403 404
399 405 214
406 195 194
407 201 197
408 407 409
192 408 191
410 206 191
197 409 407
410 199 402
409 191 408
411 412 413
414 415 416
417 418 419
420 421 417
419 422 423
424 423 422
413 425 411
426 223 427
413 428 223
227 414 225
225 416 429
430 431 432
156 431 433
162 433 434
164 434 435
432 436 159
431 437 436
438 432 89
439 430 438
440 434 441
441 433 430
87 438 85
442 439 87
443 441 439
87 118 442
270 379 378
444 381 380
242 445 446
330 177 178
175 380 176
175 446 447
448 285 449
345 449 285
450 451 342
344 452 345
385 453 344
387 454 385
389 455 387
391 456 389
457 393 458
397 458 393
342 459 395
395 460 397
461 462 463
101 464 465
141 465 464
466 74 467
468 101 465
465 64 468
102 469 464
142 464 469
470 467 471
467 472 471
473 468 474
64 474 468
93 475 220
93 466 476
477 99 161
478 151 99
479 161 480
481 480 482
481 476 479
477 476 466
467 477 466
105 480 104
483 167 166
483 192 484
485 188 190
169 485 170
169 484 486
192 486 484
487 224 221
487 193 488
483 193 196
488 166 489
490 223 224
170 491 370
190 491 485
492 166 493
494 495 496
492 496 489
497 128 131
498 499 497
500 131 225
497 501 498
500 429 502
503 500 502
504 495 505
506 507 129
128 506 129
508 506 499
496 490 487
509 490 495
489 487 488
510 511 512
513 514 515
516 517 514
518 519 517
520 275 271
511 274 521
274 522 521
522 515 514
523 511 521
521 514 517
523 517 519
524 525 526
527 528 529
529 530 527
531 532 530
533 534 532
535 536 534
537 538 539
540 541 542
543 544 545
373 528 524
371 524 544
372 529 528
374 531 529
375 533 531
376 535 533
377 538 535
378 539 538
546 539 547
547 379 381
548 549 550
381 551 547
552 547 551
551 553 552
544 526 554
491 545 555
370 555 541
513 541 516
545 554 556
518 541 555
556 555 545
557 558 559
560 561 562
563 564 565
566 565 564
561 567 562
340 568 561
566 382 383
566 340 561
569 382 564
558 384 569
570 386 558
571 388 570
572 390 571
569 559 558
570 573 571
574 571 573
575 576 577
578 576 579
343 575 341
343 578 579
578 392 572
580 572 574
581 284 582
568 583 567
283 584 585
586 587 588
589 590 591
592 593 586
594 595 592
596 591 590
597 588 598
594 599 590
590 600 596
601 592 602
597 592 586
603 581 604
597 603 604
604 582 605
599 585 584
605 597 604
605 601 602
283 605 582
248 259 606
405 215 214
607 244 181
608 179 609
610 186 185
608 239 238
241 611 612
245 613 614
609 245 614
615 262 255
607 231 613
124 616 610
614 231 230
609 230 232
608 232 233
237 610 617
233 611 608
126 612 611
617 185 267
267 612 617
125 617 612
618 181 268
268 619 618
258 607 618
259 618 619
606 619 615
213 254 211
215 620 213
255 620 615
615 621 606
248 622 246
606 623 248
624 621 215
625 226 130
227 626 627
418 227 627
626 405 627
623 626 625
628 130 127
622 625 628
405 629 627
627 422 418
404 630 629
629 424 422
631 632 633
194 634 406
428 634 222
635 412 631
201 403 200
425 636 637
416 637 636
426 638 636
636 429 416
509 638 427
639 509 504
639 502 640
429 640 502
403 641 630
642 643 424
642 630 641
406 644 201
634 641 644
645 631 633
641 631 642
324 646 647
326 647 648
328 648 649
447 444 380
330 650 651
652 446 653
651 445 330
654 446 445
647 655 106
112 647 106
649 112 109
651 115 114
654 114 292
292 653 654
288 652 653
287 444 652
550 444 656
548 657 553
658 656 659
548 658 660
290 656 287
310 366 661
661 462 310
290 309 659
309 658 659
662 660 658
660 663 657
657 661 365
318 662 309
664 665 666
667 664 666
663 666 462
666 463 462
449 668 448
669 452 670
670 453 671
672 673 451
458 674 457
671 454 675
675 455 676
456 676 455
457 677 456
460 678 458
460 679 680
679 451 673
669 681 668
682 683 673
680 684 678
671 685 670
674 686 677
678 687 674
677 688 676
675 689 671
676 690 675
679 691 680
692 673 683
670 693 669
448 694 584
599 694 600
668 695 694
696 272 697
698 277 699
700 313 701
701 311 702
298 703 704
705 346 706
699 280 705
707 349 700
708 351 709
709 355 707
710 354 708
706 348 710
697 394 711
711 281 698
712 713 714
715 691 716
717 693 718
718 685 719
719 689 720
721 687 722
722 684 715
723 686 721
720 690 724
724 688 723
725 683 712
726 681 717
702 717 701
701 718 700
714 697 712
715 705 722
700 719 707
720 707 719
706 722 705
724 709 720
721 710 723
723 708 724
712 711 725
692 716 691
725 698 716
716 699 715
727 728 729
730 731 732
733 731 734
299 735 736
302 704 735
732 315 730
730 316 728
316 736 728
733 317 732
600 737 596
600 695 738
702 461 738
738 463 737
596 733 734
737 665 733
738 726 702
51 739 740
741 158 742
741 54 56
54 739 50
740 59 51
59 743 160
744 473 745
742 163 746
747 118 117
748 216 220
116 749 750
217 751 749
117 750 747
746 164 752
164 753 752
754 367 753
510 755 304
304 740 306
756 740 739
757 756 739
358 741 758
746 364 742
361 752 369
742 758 741
369 753 367
754 435 440
759 440 443
760 442 118
443 761 759
365 553 657
525 748 762
527 751 748
530 749 751
532 750 749
747 534 536
760 536 537
537 761 760
754 552 553
546 759 761
763 473 474
220 762 748
526 762 764
764 475 481
744 482 105
554 764 765
765 481 482
766 160 743
512 743 510
763 767 766
523 766 512
763 519 745
556 765 744
556 745 519
728 768 729
735 768 736
769 770 771
772 773 774
111 775 109
776 777 111
777 115 775
132 778 779
263 778 773
320 771 319
780 319 771
769 113 777
339 781 329
782 328 781
778 336 773
783 332 778
773 338 774
782 331 784
772 784 331
774 785 784
782 785 327
786 771 770
329 787 650
649 781 328
650 775 115
109 787 649
788 321 780
704 789 735
704 788 790
791 780 786
788 792 790
793 794 795
796 795 797
798 799 800
801 800 802
801 803 804
805 804 803
806 807 808
809 810 811
812 813 814
815 816 817
818 819 820
821 807 819
817 820 815
796 129 793
246 801 252
806 251 804
808 250 806
816 235 96
121 822 809
96 817 816
69 821 818
94 818 817
804 252 801
228 808 821
823 822 824
824 814 823
824 120 236
236 812 824
622 798 246
793 507 825
797 826 796
796 628 127
827 828 826
622 826 828
829 21 20
797 830 831
21 830 24
832 20 28
833 24 830
795 833 830
834 28 30
799 834 800
32 834 30
800 835 802
835 34 836
836 802 835
36 836 34
803 837 805
837 16 838
838 805 837
810 839 811
840 813 841
840 1 0
839 5 4
842 813 815
1 842 8
8 843 10
820 13 843
838 819 807
815 843 842
12 843 13
16 13 838
823 844 810
845 814 840
18 844 845
845 0 18
827 831 829
829 799 827
587 846 847
846 595 848
849 727 850
850 729 851
589 848 595
731 852 734
591 853 589
734 854 591
768 851 729
789 855 768
856 789 790
792 856 790
857 135 136
858 136 137
859 138 135
860 139 138
861 862 139
863 137 140
863 142 864
865 143 866
867 472 144
868 145 865
869 144 146
870 147 868
871 148 870
871 146 149
872 470 873
874 875 150
872 150 151
152 876 437
862 877 152
143 878 866
879 437 876
879 159 436
875 880 469
880 142 469
873 471 881
471 882 881
870 868 859
423 643 645
859 857 870
857 858 869
871 857 869
858 863 867
863 864 867
864 880 882
880 883 881
882 880 881
883 874 873
874 872 873
873 881 883
857 871 870
861 860 866
860 859 868
865 860 868
877 884 879
884 861 878
879 876 877
865 866 860
866 878 861
878 879 884
858 867 869
867 864 882
633 632 415
632 411 637
411 425 637
637 415 632
415 420 633
420 417 633
417 419 645
633 417 645
419 423 645
38 47 39
38 40 41
42 41 43
44 43 45
47 62 48
49 52 50
52 38 42
50 52 53
53 42 44
54 53 55
46 57 55
57 158 56
38 52 49
58 62 47
59 160 60
58 60 61
61 65 48
63 61 60
63 141 65
49 51 59
66 250 67
69 94 70
72 76 73
75 73 76
78 88 79
79 82 81
82 75 77
83 84 80
84 86 78
85 78 86
85 90 88
85 438 89
81 77 91
77 76 92
76 72 93
94 96 95
96 235 97
98 161 99
101 98 100
98 101 103
103 473 105
106 655 107
109 112 110
112 106 108
113 291 114
116 117 84
86 84 117
119 122 120
122 119 123
95 97 125
127 130 128
130 226 131
132 779 133
135 40 39
137 136 39
138 41 40
138 139 43
139 862 45
137 48 65
140 65 141
143 145 90
144 472 74
145 147 88
146 144 73
147 148 79
148 149 82
149 146 75
150 875 102
151 150 100
152 437 153
45 862 152
46 45 154
156 155 154
157 163 158
155 157 57
89 432 159
160 767 64
104 480 161
157 155 156
163 157 162
165 493 166
168 187 169
171 178 172
174 182 175
177 180 172
179 238 172
181 244 182
183 184 134
184 183 185
167 169 187
188 208 189
191 208 188
193 221 194
195 408 196
197 400 198
200 400 197
202 205 203
205 202 206
206 202 208
208 202 204
209 203 205
211 207 212
213 212 214
207 211 210
91 92 216
218 209 210
211 254 219
92 93 220
221 224 222
223 428 222
225 131 226
71 229 228
229 68 67
68 229 230
230 229 71
233 232 71
234 236 120
234 97 235
234 122 124
237 125 97
70 95 126
173 172 238
240 173 239
242 175 182
242 243 180
243 182 244
180 243 245
246 252 247
249 251 250
251 249 247
83 91 217
253 219 254
256 218 219
66 68 231
249 66 257
247 249 258
260 256 253
261 253 255
263 772 264
266 183 133
267 185 183
133 779 263
240 266 265
241 267 266
174 269 268
269 261 262
270 260 261
269 174 176
271 275 272
274 394 272
276 280 277
279 346 280
278 277 281
283 582 284
286 290 287
289 308 290
291 295 292
286 295 293
294 301 289
295 286 288
296 293 295
297 294 293
298 302 294
299 316 300
299 301 294
303 510 304
306 307 305
278 303 305
282 511 303
276 305 307
308 289 301
300 318 309
310 461 311
312 311 313
315 318 300
317 664 318
319 297 296
321 298 297
113 320 296
322 335 323
325 322 324
327 325 326
178 339 329
264 772 331
173 240 264
332 885 333
335 322 334
334 337 336
322 325 337
337 785 338
327 785 337
171 331 339
340 345 285
341 450 342
340 383 344
346 279 347
349 356 314
350 355 351
353 354 348
354 353 352
355 350 356
306 756 357
357 756 358
360 364 361
358 758 363
363 758 364
357 359 353
353 359 363
352 363 360
279 307 357
365 661 366
367 366 368
366 312 314
356 362 368
362 361 369
350 360 362
370 540 168
371 543 190
372 373 204
373 371 189
374 372 203
375 374 209
376 375 218
377 376 256
378 377 260
379 176 380
382 385 344
384 387 385
386 389 387
388 391 389
390 393 391
392 397 393
274 282 281
343 342 395
396 395 397
398 400 200
212 398 399
398 401 198
207 401 398
199 198 401
402 401 207
399 200 403
399 404 405
406 407 195
407 406 201
408 195 407
192 196 408
410 402 206
197 199 409
410 409 199
409 410 191
411 632 412
414 420 415
417 421 418
420 414 421
419 418 422
424 643 423
413 426 425
426 413 223
413 412 428
227 421 414
225 414 416
430 433 431
156 153 431
162 156 433
164 162 434
432 431 436
431 153 437
438 430 432
439 441 430
440 435 434
441 434 433
87 439 438
442 443 439
443 440 441
87 86 118
270 176 379
444 549 381
242 177 445
330 445 177
175 447 380
175 242 446
448 283 285
345 452 449
450 672 451
344 453 452
385 454 453
387 455 454
389 456 455
391 457 456
457 391 393
397 460 458
342 451 459
395 459 460
461 310 462
101 102 464
141 63 465
466 72 74
468 103 101
465 63 64
102 875 469
142 141 464
470 478 467
467 74 472
473 103 468
64 767 474
93 476 475
93 72 466
477 478 99
478 470 151
479 477 161
481 479 480
481 475 476
477 479 476
467 478 477
105 482 480
483 484 167
483 196 192
485 486 188
169 486 485
169 167 484
192 188 486
487 490 224
487 221 193
483 488 193
488 483 166
490 427 223
170 485 491
190 543 491
492 489 166
494 505 495
492 494 496
497 499 128
498 508 499
500 497 131
497 500 501
500 225 429
503 501 500
504 509 495
506 886 507
128 499 506
508 886 506
496 495 490
509 427 490
489 496 487
510 303 511
513 516 514
516 518 517
518 556 519
520 522 275
511 282 274
274 275 522
522 520 515
523 512 511
521 522 514
523 521 517
524 528 525
527 525 528
529 531 530
531 533 532
533 535 534
535 538 536
537 536 538
540 370 541
543 371 544
373 372 528
371 373 524
372 374 529
374 375 531
375 376 533
376 377 535
377 378 538
378 379 539
546 537 539
547 539 379
548 551 549
381 549 551
552 546 547
551 548 553
544 524 526
491 543 545
370 491 555
513 542 541
545 544 554
518 516 541
556 518 555
557 570 558
560 566 561
563 569 564
566 560 565
561 568 567
340 284 568
566 564 382
566 383 340
569 384 382
558 386 384
570 388 386
571 390 388
572 392 390
569 563 559
570 557 573
574 572 571
575 579 576
578 580 576
343 579 575
343 396 578
578 396 392
580 578 572
581 568 284
568 581 583
283 448 584
586 593 587
589 594 590
592 595 593
594 589 595
596 734 591
597 586 588
594 601 599
590 599 600
601 594 592
597 602 592
603 583 581
597 598 603
604 581 582
599 601 585
605 602 597
605 585 601
283 585 605
248 247 259
405 624 215
607 613 244
608 238 179
610 616 186
608 611 239
241 239 611
245 244 613
609 179 245
615 619 262
607 257 231
124 123 616
614 613 231
609 614 230
608 609 232
237 124 610
233 126 611
126 125 612
617 610 185
267 241 612
125 237 617
618 607 181
268 262 619
258 257 607
259 258 618
606 259 619
213 620 254
215 621 620
255 254 620
615 620 621
248 623 622
606 621 623
624 623 621
625 626 226
227 226 626
418 421 227
626 624 405
623 624 626
628 625 130
622 623 625
405 404 629
627 629 422
404 403 630
629 630 424
631 412 632
194 222 634
428 635 634
635 428 412
201 644 403
425 426 636
416 415 637
426 427 638
636 638 429
509 640 638
639 640 509
639 503 502
429 638 640
403 644 641
642 645 643
642 424 630
406 634 644
634 635 641
645 642 631
641 635 631
324 323 646
326 324 647
328 326 648
447 652 444
330 329 650
652 447 446
651 654 445
654 653 446
647 646 655
112 648 647
649 648 112
651 650 115
654 651 114
292 288 653
288 287 652
287 656 444
550 549 444
548 660 657
658 550 656
548 550 658
290 659 656
310 312 366
661 663 462
290 308 309
309 662 658
662 667 660
660 667 663
657 663 661
318 664 662
664 317 665
667 662 664
663 667 666
666 665 463
449 669 668
669 449 452
670 452 453
672 682 673
458 678 674
671 453 454
675 454 455
456 677 676
457 674 677
460 680 678
460 459 679
679 459 451
669 693 681
682 713 683
680 691 684
671 689 685
674 687 686
678 684 687
677 686 688
675 690 689
676 688 690
679 692 691
692 679 673
670 685 693
448 668 694
599 584 694
668 681 695
696 273 272
698 281 277
700 349 313
701 313 311
298 321 703
705 280 346
699 277 280
707 355 349
708 354 351
709 351 355
710 348 354
706 346 348
697 272 394
711 394 281
712 683 713
715 684 691
717 681 693
718 693 685
719 685 689
721 686 687
722 687 684
723 688 686
720 689 690
724 690 688
725 692 683
726 695 681
702 726 717
701 717 718
714 696 697
715 699 705
700 718 719
720 709 707
706 721 722
724 708 709
721 706 710
723 710 708
712 697 711
692 725 716
725 711 698
716 698 699
727 730 728
730 727 731
733 732 731
299 302 735
302 298 704
732 317 315
730 315 316
316 299 736
733 665 317
600 738 737
600 694 695
702 311 461
738 461 463
596 737 733
737 463 665
738 695 726
51 50 739
741 56 158
741 757 54
54 757 739
740 755 59
59 755 743
744 105 473
742 158 163
747 760 118
748 751 216
116 217 749
217 216 751
117 116 750
746 163 164
164 435 753
754 365 367
510 743 755
304 755 740
756 306 740
757 358 756
358 757 741
746 361 364
361 746 752
742 364 758
369 752 753
754 753 435
759 754 440
760 761 442
443 442 761
365 754 553
525 527 748
527 530 751
530 532 749
532 534 750
747 750 534
760 747 536
537 546 761
754 759 552
546 552 759
763 745 473
220 475 762
526 525 762
764 762 475
744 765 482
554 526 764
765 764 481
766 767 160
512 766 743
763 474 767
523 763 766
763 523 519
556 554 765
556 744 745
728 736 768
735 789 768
769 776 770
772 263 773
111 777 775
776 769 777
777 113 115
132 783 778
263 779 778
320 769 771
780 321 319
769 320 113
339 782 781
782 327 328
778 332 336
783 885 332
773 336 338
782 339 331
772 774 784
774 338 785
782 784 785
786 780 771
329 781 787
649 787 781
650 787 775
109 775 787
788 703 321
704 790 789
704 703 788
791 788 780
788 791 792
793 825 794
796 793 795
798 828 799
801 798 800
801 802 803
805 806 804
806 805 807
809 822 810
812 816 813
815 813 816
818 821 819
821 808 807
817 818 820
796 127 129
246 798 801
806 250 251
808 67 250
816 812 235
121 120 822
96 94 817
69 228 821
94 69 818
804 251 252
228 67 808
823 810 822
824 812 814
824 822 120
236 235 812
622 828 798
793 129 507
797 827 826
796 826 628
827 799 828
622 628 826
829 831 21
797 795 830
21 831 830
832 829 20
833 26 24
795 794 833
834 832 28
799 832 834
32 835 834
800 834 835
835 32 34
836 803 802
36 837 836
803 836 837
837 36 16
838 807 805
810 844 839
840 814 813
840 841 1
839 844 5
842 841 813
1 841 842
8 842 843
820 819 13
838 13 819
815 820 843
12 10 843
823 845 844
845 823 814
18 5 844
845 840 0
827 797 831
829 832 799
587 593 846
846 593 595
849 731 727
850 727 729
589 853 848
731 849 852
591 854 853
734 852 854
768 855 851
789 887 855
856 887 789
792 888 856
857 859 135
858 857 136
859 860 138
860 861 139
861 884 862
863 858 137
863 140 142
865 145 143
867 882 472
868 147 145
869 867 144
870 148 147
871 149 148
871 869 146
872 151 470
874 883 875
872 874 150
152 877 876
862 884 877
143 159 878
879 436 437
879 878 159
875 883 880
880 864 142
873 470 471
471 472 882
889 890 891
891 892 889
4 7 893
893 894 4
892 891 895
895 896 892
896 895 897
897 898 896
899 900 901
901 902 899
902 901 903
903 904 902
905 906 890
890 889 905
894 893 906
906 905 894
898 897 900
900 899 898
907 908 909
909 910 907
910 909 911
911 912 910
912 911 27
27 26 912
913 914 908
908 907 913
915 916 914
914 913 915
917 918 916
916 915 917
919 920 918
918 917 919
921 922 920
920 919 921
904 903 922
922 921 904
923 924 925
923 926 927
926 928 929
928 930 931
932 925 933
934 935 936
937 938 926
936 939 938
938 940 928
939 941 940
930 928 940
942 940 941
923 932 934
943 934 932
944 943 945
943 946 947
947 946 933
948 949 945
948 947 950
934 943 944
951 952 953
954 955 956
957 958 959
960 961 962
963 964 965
965 964 966
967 966 961
968 966 964
969 964 963
970 971 972
970 963 973
970 974 975
966 968 976
961 976 977
962 977 978
979 956 980
981 980 982
983 984 985
986 987 984
983 988 989
989 988 990
991 992 107
993 994 995
996 995 992
997 998 999
1000 968 969
972 1001 1002
119 121 1003
1004 1005 123
980 1006 1007
1008 1009 1010
1011 1010 1012
132 134 1013
1014 1015 925
1016 933 925
1017 1014 924
1017 927 929
1018 929 931
1016 1019 950
1019 1020 1021
1022 975 974
1023 959 958
1024 974 973
1025 960 959
1026 973 965
1027 965 967
1028 967 960
1029 984 987
1030 985 984
1031 1032 1033
931 1032 1031
930 1034 1032
1035 1033 1032
1036 942 1037
1034 930 942
975 1022 1038
1039 945 949
988 983 1040
1036 1041 1035
1042 1043 1041
165 1044 1045
168 1046 1047
1048 1049 1050
1051 1052 1053
1054 1055 1050
1056 1057 1050
1058 1051 1059
1060 1013 134
184 186 1061
1044 165 187
1062 1063 1064
1065 1066 1062
1067 1068 1069
1068 1067 1070
1071 1072 1073
1074 1075 1071
1076 1077 1078
1079 1080 1081
1081 1065 1082
1082 1064 1077
1083 1084 1079
1085 1086 1087
1086 1088 1089
1080 1079 1084
976 1090 1091
1092 1093 1084
1085 1084 1093
977 1091 1094
1095 1069 1096
1097 1098 1096
1099 1100 1101
955 954 1102
1103 1102 953
952 1104 1105
1105 1106 955
1107 956 955
1108 1004 1003
1108 1109 1110
1108 1111 1005
1111 1108 982
956 1107 1006
1049 1112 1113
1114 1115 1112
1116 1117 1059
1116 1054 1057
1117 1118 1119
1057 1056 1118
1120 1121 1122
1123 951 1124
1125 1126 1122
968 1000 1090
1127 1128 1129
1130 1127 1093
951 1131 1104
1123 1132 1131
1122 1133 1132
1134 1135 1127
1135 1136 1128
1137 1138 1139
1140 1138 1013
1141 1140 1060
1013 1138 1137
1114 1139 1138
1115 1114 1140
1051 1058 1142
1143 1142 1136
1144 1143 1135
1143 1144 1052
271 273 1145
1146 1147 1145
1148 1149 1150
1151 1148 1152
1149 1153 1154
1155 1156 1157
1158 1159 1160
1161 1158 1162
1163 999 1164
1158 1161 1165
1166 1165 1161
1167 1164 1159
1168 1163 1167
1169 1168 1165
1170 1169 1166
1171 1172 1173
1171 1174 1166
1175 1176 1177
1178 1177 1176
1149 1148 1176
1153 1149 1175
1148 1151 1179
1180 1173 1172
1173 1180 1181
1182 1183 1184
1183 1185 1186
1187 1188 1173
1189 1187 1190
1191 1192 1168
1193 1191 1169
997 1163 1168
1194 1195 323
1196 1197 1195
1198 1199 1197
1055 1200 1201
1139 1048 1202
1049 1048 1139
1203 1204 333
335 333 1204
1204 1203 1205
1194 1204 1206
1206 1205 1207
1198 1196 1206
1048 1055 1208
1209 1157 1156
341 1210 1211
1209 1212 1213
1214 1215 1216
1217 1186 1185
1218 1219 1220
1221 1216 1215
1222 1220 1219
1223 1217 1224
1178 1179 1225
1225 1226 1227
1228 1229 1230
1227 1226 1231
1231 1228 1232
1225 1216 1221
1221 1219 1231
1219 1218 1228
1151 1216 1225
1233 1234 1235
1234 1236 1237
1235 1237 1185
1224 1185 1237
1229 1237 1236
1218 1224 1229
1238 1046 168
1239 1064 1063
1240 1078 1077
1241 1077 1064
1242 1083 1078
1243 1092 1083
1244 1130 1092
1245 1134 1130
1246 1144 1134
1247 1248 1249
1250 1251 1213
1252 1250 1253
1254 1252 1255
1256 1254 1257
1258 1256 1259
1260 1258 1261
1146 1262 1154
1210 1263 1264
1263 1260 1265
1266 1267 1074
1087 1089 1267
1266 1268 1073
1080 1087 1266
1072 1269 1270
1269 1081 1080
1267 1271 1272
1267 1089 1273
1274 1069 1068
1275 1071 1075
1276 1277 1275
1066 1065 1276
1278 1065 1081
1071 1275 1277
1278 1269 1072
1277 1276 1065
1279 1280 1281
1282 1283 1284
1285 1286 1287
1288 1285 1289
1286 1290 1291
1292 1291 1290
1280 1279 1293
1294 1295 1097
1280 1097 1296
1100 1099 1282
1099 1297 1283
1298 1299 1300
1035 1301 1300
1041 1302 1301
1043 1303 1302
1299 1038 1304
1300 1304 1305
1306 975 1299
1307 1306 1298
1308 1309 1302
1309 1298 1301
971 970 1306
1310 971 1307
1311 1307 1309
971 1310 1001
1144 1246 1247
1312 1249 1248
1116 1313 1314
1200 1055 1054
1053 1052 1249
1053 1315 1313
1316 1317 1156
1212 1156 1317
450 1211 1318
1213 1212 1319
1253 1213 1320
1255 1253 1321
1257 1255 1322
1259 1257 1323
1324 1325 1261
1265 1261 1325
1211 1264 1326
1264 1265 1327
1328 1329 1330
986 1331 1332
1021 1332 1331
1333 1334 958
1335 1331 986
1331 1335 949
987 1332 1336
1020 1336 1332
1337 1338 1334
1334 1338 1339
1340 1341 1335
949 1335 1341
978 1094 1342
978 1343 1333
1344 1040 985
1345 985 1030
1346 1347 1040
1348 1349 1347
1348 1346 1343
1344 1333 1343
1334 1333 1344
990 988 1347
1350 1045 1044
1350 1351 1066
1352 1063 1062
1047 1046 1352
1047 1353 1351
1066 1351 1353
1354 1095 1098
1354 1355 1067
1350 1070 1067
1355 1356 1045
1357 1098 1097
1046 1238 1358
1063 1352 1358
492 493 1045
494 1359 1360
492 1356 1359
1361 1012 1010
498 1361 1362
1363 1099 1012
1361 498 501
1363 1364 1297
503 1364 1363
504 505 1360
1365 1009 507
1010 1009 1365
508 1362 1365
1359 1354 1357
1366 1360 1357
1356 1355 1354
1367 1368 1369
513 515 1370
1371 1370 1372
1373 1372 1374
520 271 1147
1369 1375 1146
1146 1375 1376
1376 1370 515
1377 1375 1369
1375 1372 1370
1377 1374 1372
1378 1379 1380
1381 1382 1383
1382 1381 1384
1385 1384 1386
1387 1386 1388
1389 1388 1390
1391 1392 1393
540 542 1394
1395 1396 1397
1241 1378 1383
1239 1397 1378
1240 1383 1382
1242 1382 1385
1243 1385 1387
1244 1387 1389
1245 1389 1393
1246 1393 1392
1398 1399 1392
1399 1248 1247
1400 1401 1402
1248 1399 1403
1404 1403 1399
1403 1404 1405
1397 1406 1379
1358 1407 1396
1238 1394 1407
513 1371 1394
1396 1408 1406
1373 1407 1394
1408 1396 1407
1409 1410 1411
1412 1413 1414
1415 1416 1417
1418 1417 1416
1414 1413 1419
1209 1414 1420
1418 1251 1250
1418 1414 1209
1421 1417 1250
1411 1421 1252
1422 1411 1254
1423 1422 1256
1424 1423 1258
1421 1411 1410
1422 1423 1425
1426 1425 1423
575 577 1427
1428 1429 1427
1210 341 575
1210 1429 1428
1428 1424 1260
1430 1426 1424
1431 1432 1157
1420 1419 1433
1155 1434 1435
1436 1437 1438
1439 1440 1441
1442 1436 1443
1444 1442 1445
1446 1441 1440
1447 1448 1437
1444 1441 1449
1441 1446 1450
1451 1452 1442
1447 1436 1442
1453 1454 1431
1447 1454 1453
1454 1455 1432
1449 1435 1434
1455 1454 1447
1455 1452 1451
1155 1432 1455
1121 1456 1133
1273 1089 1088
1457 1058 1119
1458 1459 1056
1460 1061 186
1458 1113 1112
1115 1461 1462
1118 1463 1464
1459 1463 1118
1465 1128 1136
1457 1464 1104
1005 1460 616
1463 1105 1104
1459 1106 1105
1458 1107 1106
1111 1466 1460
1107 1458 1462
1006 1462 1461
1466 1141 1061
1141 1466 1461
1007 1461 1466
1467 1142 1058
1142 1467 1468
1132 1467 1457
1133 1468 1467
1456 1465 1468
1086 1085 1129
1088 1086 1469
1128 1465 1469
1465 1456 1470
1121 1120 1471
1456 1121 1472
1473 1088 1470
1474 1011 1101
1100 1475 1476
1287 1475 1100
1476 1475 1273
1472 1474 1476
1477 1008 1011
1471 1477 1474
1273 1475 1478
1475 1287 1291
1271 1478 1479
1478 1291 1292
1480 1481 1482
1069 1274 1483
1296 1096 1483
1484 1480 1281
1075 1074 1272
1293 1485 1486
1283 1486 1485
1294 1486 1487
1486 1283 1297
1366 1295 1487
639 504 1366
639 1488 1364
1297 1364 1488
1272 1479 1489
1490 1292 1491
1490 1489 1479
1274 1075 1492
1483 1492 1489
1493 1481 1480
1489 1490 1480
1195 1494 646
1197 1495 1494
1199 1496 1495
1315 1249 1312
1200 1497 1498
1499 1500 1313
1497 1200 1314
1501 1314 1313
1494 991 655
996 991 1494
1496 993 996
1497 999 998
1501 1164 999
1164 1501 1500
1159 1500 1499
1160 1499 1312
1401 1502 1312
1400 1405 1503
1504 1505 1502
1400 1506 1504
1162 1160 1502
1182 1507 1235
1507 1182 1330
1162 1505 1181
1181 1505 1504
1508 1504 1506
1506 1503 1509
1503 1233 1507
1190 1181 1508
1510 1511 1512
1513 1511 1510
1509 1330 1511
1511 1330 1329
1317 1316 1514
1515 1516 1319
1516 1517 1320
672 1318 1518
1325 1324 1519
1517 1520 1321
1520 1521 1322
1323 1322 1521
1324 1323 1522
1327 1325 1523
1327 1524 1525
1525 1518 1318
1515 1514 1526
682 1518 1527
1524 1523 1528
1517 1516 1529
1519 1522 1530
1523 1519 1531
1522 1521 1532
1520 1517 1533
1521 1520 1534
1525 1524 1535
1536 1527 1518
1516 1515 1537
1316 1435 1538
1449 1450 1538
1514 1538 1539
696 1540 1145
1541 1542 1150
1543 1544 1186
1544 1545 1184
1170 1546 1547
1548 1549 1214
1542 1548 1152
1550 1543 1217
1551 1552 1220
1552 1550 1223
1553 1551 1222
1549 1553 1215
1540 1554 1262
1554 1541 1154
1555 714 713
1556 1557 1535
1558 1559 1537
1559 1560 1529
1560 1561 1533
1562 1563 1531
1563 1556 1528
1564 1562 1530
1561 1565 1534
1565 1564 1532
1566 1555 1527
1567 1558 1526
1545 1544 1558
1544 1543 1559
714 1555 1540
1556 1563 1548
1543 1550 1560
1561 1560 1550
1549 1548 1563
1565 1561 1552
1562 1564 1553
1564 1565 1551
1555 1566 1554
1536 1535 1557
1566 1557 1541
1557 1556 1542
1568 1569 1570
1571 1572 1573
1574 1575 1573
1171 1576 1577
1174 1577 1546
1572 1571 1187
1571 1570 1188
1188 1570 1576
1574 1572 1189
1450 1446 1578
1450 1579 1539
1545 1579 1328
1579 1578 1329
1446 1575 1574
1578 1574 1512
1579 1545 1567
935 1580 1581
1582 1583 1037
1582 941 939
939 936 1581
1580 935 944
944 1039 1584
1585 1586 1340
1583 1587 1042
1588 1002 1001
1589 1094 1091
1000 1590 1591
1090 1591 1592
1002 1588 1590
1587 1593 1043
1043 1593 1594
1595 1594 1234
1367 1177 1596
1177 1178 1580
1597 1581 1580
1598 1581 1597
1227 1599 1582
1587 1583 1232
1230 1236 1593
1583 1582 1599
1236 1234 1594
1595 1308 1303
1600 1311 1308
1601 1001 1310
1311 1600 1602
1233 1503 1405
1380 1603 1589
1381 1589 1592
1384 1592 1591
1386 1591 1590
1588 1390 1388
1601 1391 1390
1391 1601 1602
1595 1405 1404
1398 1602 1600
1604 1341 1340
1094 1589 1603
1379 1605 1603
1605 1348 1342
1585 990 1349
1406 1606 1605
1606 1349 1348
1607 1584 1039
1368 1367 1584
1604 1607 1608
1377 1368 1607
1604 1586 1374
1408 1585 1606
1408 1374 1586
1570 1569 1609
1577 1576 1609
1610 1611 1612
1613 1614 1615
994 993 1616
1617 994 1618
1618 1616 998
132 1619 1620
1137 1615 1620
1192 1191 1611
1621 1611 1191
1610 1618 997
1208 1201 1622
1623 1622 1199
1620 1615 1205
783 1620 1203
1615 1614 1207
1623 1624 1202
1613 1202 1624
1614 1624 1625
1623 1198 1625
1626 1612 1611
1201 1498 1627
1496 1199 1622
1498 998 1616
993 1496 1627
1628 1621 1193
1546 1577 1629
1546 1630 1628
1631 1626 1621
1628 1630 1632
1633 1634 794
1635 1636 1634
1637 1638 1639
1640 1641 1638
1640 1642 1643
1644 1643 1642
1645 1646 1647
809 811 1648
1649 1650 1651
1652 1653 1654
1655 1656 1657
1658 1657 1647
1653 1652 1656
1635 1633 1009
1120 1126 1640
1645 1642 1125
1646 1645 1124
1654 981 1110
121 809 1659
981 1654 1653
954 1655 1658
979 1653 1655
1642 1640 1126
1102 1658 1646
1660 1661 1659
1661 1660 1650
1661 1109 1003
1109 1661 1649
1471 1120 1637
1633 825 507
1636 1635 1662
1635 1008 1477
1663 1662 1664
1471 1664 1662
1665 907 910
1636 1666 1667
910 912 1667
1668 913 907
833 1667 912
1634 1667 833
1669 915 913
1639 1638 1669
917 915 1669
1638 1641 1670
1670 1671 919
1671 1670 1641
921 919 1671
1643 1644 1672
1672 1673 904
1673 1672 1644
1648 811 839
1674 1675 1651
1674 889 892
839 4 894
1676 1652 1651
892 896 1676
896 898 1677
1656 1677 902
1673 1647 1657
1652 1676 1677
899 902 1677
904 1673 902
1660 1648 1678
1679 1674 1650
905 1679 1678
1679 905 889
1663 1665 1666
1665 1663 1639
1438 1680 1681
1681 1682 1445
1683 1684 1568
1684 1685 1569
1439 1445 1682
1573 1575 1686
1440 1439 1687
1575 1440 1688
1609 1569 1685
1629 1609 1689
1690 1630 1629
1632 1630 1690
1691 1015 1014
1692 1016 1015
1693 1014 1017
1694 1017 1018
1695 1018 1696
1697 1019 1016
1697 1698 1020
1699 1700 1022
1701 1023 1339
1702 1699 1024
1703 1025 1023
1704 1702 1026
1705 1704 1027
1705 1028 1025
1706 1707 1337
1708 1029 1709
1706 1030 1029
1031 1305 1710
1696 1031 1711
1022 1700 1712
1713 1710 1305
1713 1304 1038
1709 1336 1714
1714 1336 1020
1707 1715 1338
1338 1715 1716
1704 1693 1702
1290 1493 1491
1693 1704 1691
1691 1703 1692
1705 1703 1691
1692 1701 1697
1697 1701 1698
1698 1716 1714
1714 1715 1717
1716 1715 1714
1717 1707 1708
1708 1707 1706
1707 1717 1715
1691 1704 1705
1695 1700 1694
1694 1702 1693
1699 1702 1694
1711 1713 1718
1718 1712 1695
1713 1711 1710
1699 1694 1700
1700 1695 1712
1712 1718 1713
1692 1703 1701
1701 1716 1698
1481 1284 1482
1482 1485 1279
1279 1485 1293
1485 1482 1284
1284 1481 1288
1288 1481 1285
1285 1493 1286
1481 1493 1285
1286 1493 1290
923 925 932
923 927 924
926 929 927
928 931 929
932 933 946
934 936 937
937 926 923
936 938 937
938 928 926
939 940 938
930 940 942
942 941 1037
923 934 937
943 932 946
944 945 1039
943 947 945
947 933 950
948 945 947
948 950 1021
934 944 935
951 953 1124
954 956 979
957 959 962
960 962 959
963 965 973
965 966 967
967 961 960
968 964 969
969 963 972
970 972 963
970 973 974
970 975 1306
966 976 961
961 977 962
962 978 957
979 980 981
981 982 1110
983 985 1040
986 984 983
983 989 986
989 990 1340
991 107 655
993 995 996
996 992 991
997 999 1163
1000 969 1002
972 1002 969
119 1003 1004
1004 123 119
980 1007 982
1008 1010 1011
1011 1012 1101
132 1013 1619
1014 925 924
1016 925 1015
1017 924 927
1017 929 1018
1018 931 1696
1016 950 933
1019 1021 950
1022 974 1024
1023 958 1339
1024 973 1026
1025 959 1023
1026 965 1027
1027 967 1028
1028 960 1025
1029 987 1709
1030 984 1029
1031 1033 1305
931 1031 1696
930 1032 931
1035 1032 1034
1036 1037 1042
1034 942 1036
975 1038 1299
1039 949 1608
988 1040 1347
1036 1035 1034
1042 1041 1036
165 1045 493
168 1047 187
1048 1050 1055
1051 1053 1059
1054 1050 1057
1056 1050 1113
1058 1059 1119
1060 134 184
184 1061 1060
1044 187 1047
1062 1064 1082
1065 1062 1082
1067 1069 1095
1068 1070 1276
1071 1073 1268
1074 1071 1268
1076 1078 1079
1079 1081 1076
1081 1082 1076
1082 1077 1076
1083 1079 1078
1085 1087 1080
1086 1089 1087
1080 1084 1085
976 1091 977
1092 1084 1083
1085 1093 1129
977 1094 978
1095 1096 1098
1097 1096 1296
1099 1101 1012
955 1102 1103
1103 953 952
952 1105 1103
1105 955 1103
1107 955 1106
1108 1003 1109
1108 1110 982
1108 1005 1004
1111 982 1007
956 1006 980
1049 1113 1050
1114 1112 1049
1116 1059 1053
1116 1057 1117
1117 1119 1059
1057 1118 1117
1120 1122 1126
1123 1124 1125
1125 1122 1123
968 1090 976
1127 1129 1093
1130 1093 1092
951 1104 952
1123 1131 951
1122 1132 1123
1134 1127 1130
1135 1128 1127
1137 1139 1613
1140 1013 1060
1141 1060 1061
1013 1137 1619
1114 1138 1140
1115 1140 1141
1051 1142 1143
1143 1136 1135
1144 1135 1134
1143 1052 1051
271 1145 1147
1146 1145 1262
1148 1150 1152
1151 1152 1214
1149 1154 1150
1155 1157 1432
1158 1160 1162
1161 1162 1180
1163 1164 1167
1158 1165 1167
1166 1161 1172
1167 1159 1158
1168 1167 1165
1169 1165 1166
1170 1166 1174
1171 1173 1188
1171 1166 1172
1175 1177 1367
1178 1176 1179
1149 1176 1175
1153 1175 1369
1148 1179 1176
1180 1172 1161
1173 1181 1190
1182 1184 1328
1183 1186 1184
1187 1173 1190
1189 1190 1510
1191 1168 1169
1193 1169 1170
997 1168 1192
1194 323 335
1196 1195 1194
1198 1197 1196
1055 1201 1208
1139 1202 1613
1049 1139 1114
1203 333 885
335 1204 1194
1204 1205 1206
1194 1206 1196
1206 1207 1625
1198 1206 1625
1048 1208 1202
1209 1156 1212
341 1211 450
1209 1213 1251
1214 1216 1151
1217 1185 1224
1218 1220 1223
1221 1215 1222
1222 1219 1221
1223 1224 1218
1178 1225 1597
1225 1227 1597
1228 1230 1232
1227 1231 1599
1231 1232 1599
1225 1221 1226
1221 1231 1226
1219 1228 1231
1151 1225 1179
1233 1235 1507
1234 1237 1235
1235 1185 1183
1224 1237 1229
1229 1236 1230
1218 1229 1228
1238 168 540
1239 1063 1395
1240 1077 1241
1241 1064 1239
1242 1078 1240
1243 1083 1242
1244 1092 1243
1245 1130 1244
1246 1134 1245
1247 1249 1052
1250 1213 1253
1252 1253 1255
1254 1255 1257
1256 1257 1259
1258 1259 1261
1260 1261 1265
1146 1154 1153
1210 1264 1211
1263 1265 1264
1266 1074 1268
1087 1267 1266
1266 1073 1270
1080 1266 1270
1072 1270 1073
1269 1080 1270
1267 1272 1074
1267 1273 1271
1274 1068 1275
1275 1075 1274
1276 1275 1068
1066 1276 1070
1278 1081 1269
1071 1277 1072
1278 1072 1277
1277 1065 1278
1279 1281 1482
1282 1284 1288
1285 1287 1289
1288 1289 1282
1286 1291 1287
1292 1290 1491
1280 1293 1294
1294 1097 1280
1280 1296 1281
1100 1282 1289
1099 1283 1282
1298 1300 1301
1035 1300 1033
1041 1301 1035
1043 1302 1041
1299 1304 1300
1300 1305 1033
1306 1299 1298
1307 1298 1309
1308 1302 1303
1309 1301 1302
971 1306 1307
1310 1307 1311
1311 1309 1308
971 1001 972
1144 1247 1052
1312 1248 1402
1116 1314 1054
1200 1054 1314
1053 1249 1315
1053 1313 1116
1316 1156 1155
1212 1317 1319
450 1318 672
1213 1319 1320
1253 1320 1321
1255 1321 1322
1257 1322 1323
1259 1323 1324
1324 1261 1259
1265 1325 1327
1211 1326 1318
1264 1327 1326
1328 1330 1182
986 1332 987
1021 1331 948
1333 958 957
1335 986 989
1331 949 948
987 1336 1709
1020 1332 1021
1337 1334 1345
1334 1339 958
1340 1335 989
949 1341 1608
978 1342 1343
978 1333 957
1344 985 1345
1345 1030 1337
1346 1040 1344
1348 1347 1346
1348 1343 1342
1344 1343 1346
1334 1344 1345
990 1347 1349
1350 1044 1351
1350 1066 1070
1352 1062 1353
1047 1352 1353
1047 1351 1044
1066 1353 1062
1354 1098 1357
1354 1067 1095
1350 1067 1355
1355 1045 1350
1357 1097 1295
1046 1358 1352
1063 1358 1395
492 1045 1356
494 1360 505
492 1359 494
1361 1010 1362
498 1362 508
1363 1012 1361
1361 501 1363
1363 1297 1099
503 1363 501
504 1360 1366
1365 507 886
1010 1365 1362
508 1365 886
1359 1357 1360
1366 1357 1295
1356 1354 1359
1367 1369 1175
513 1370 1371
1371 1372 1373
1373 1374 1408
520 1147 1376
1369 1146 1153
1146 1376 1147
1376 515 520
1377 1369 1368
1375 1370 1376
1377 1372 1375
1378 1380 1383
1381 1383 1380
1382 1384 1385
1385 1386 1387
1387 1388 1389
1389 1390 1393
1391 1393 1390
540 1394 1238
1395 1397 1239
1241 1383 1240
1239 1378 1241
1240 1382 1242
1242 1385 1243
1243 1387 1244
1244 1389 1245
1245 1393 1246
1246 1392 1247
1398 1392 1391
1399 1247 1392
1400 1402 1403
1248 1403 1402
1404 1399 1398
1403 1405 1400
1397 1379 1378
1358 1396 1395
1238 1407 1358
513 1394 542
1396 1406 1397
1373 1394 1371
1408 1407 1373
1409 1411 1422
1412 1414 1418
1415 1417 1421
1418 1416 1412
1414 1419 1420
1209 1420 1157
1418 1250 1417
1418 1209 1251
1421 1250 1252
1411 1252 1254
1422 1254 1256
1423 1256 1258
1424 1258 1260
1421 1410 1415
1422 1425 1409
1426 1423 1424
575 1427 1429
1428 1427 1430
1210 575 1429
1210 1428 1263
1428 1260 1263
1430 1424 1428
1431 1157 1420
1420 1433 1431
1155 1435 1316
1436 1438 1443
1439 1441 1444
1442 1443 1445
1444 1445 1439
1446 1440 1575
1447 1437 1436
1444 1449 1451
1441 1450 1449
1451 1442 1444
1447 1442 1452
1453 1431 1433
1447 1453 1448
1454 1432 1431
1449 1434 1451
1455 1447 1452
1455 1451 1434
1155 1455 1434
1121 1133 1122
1273 1088 1473
1457 1119 1464
1458 1056 1113
1460 186 616
1458 1112 1462
1115 1462 1112
1118 1464 1119
1459 1118 1056
1465 1136 1468
1457 1104 1131
1005 616 123
1463 1104 1464
1459 1105 1463
1458 1106 1459
1111 1460 1005
1107 1462 1006
1006 1461 1007
1466 1061 1460
1141 1461 1115
1007 1466 1111
1467 1058 1457
1142 1468 1136
1132 1457 1131
1133 1467 1132
1456 1468 1133
1086 1129 1469
1088 1469 1470
1128 1469 1129
1465 1470 1469
1121 1471 1472
1456 1472 1470
1473 1470 1472
1474 1101 1476
1100 1476 1101
1287 1100 1289
1476 1273 1473
1472 1476 1473
1477 1011 1474
1471 1474 1472
1273 1478 1271
1475 1291 1478
1271 1479 1272
1478 1292 1479
1480 1482 1281
1069 1483 1096
1296 1483 1484
1484 1281 1296
1075 1272 1492
1293 1486 1294
1283 1485 1284
1294 1487 1295
1486 1297 1487
1366 1487 1488
639 1366 1488
639 1364 503
1297 1488 1487
1272 1489 1492
1490 1491 1493
1490 1479 1292
1274 1492 1483
1483 1489 1484
1493 1480 1490
1489 1480 1484
1195 646 323
1197 1494 1195
1199 1495 1197
1315 1312 1499
1200 1498 1201
1499 1313 1315
1497 1314 1501
1501 1313 1500
1494 655 646
996 1494 1495
1496 996 1495
1497 998 1498
1501 999 1497
1164 1500 1159
1159 1499 1160
1160 1312 1502
1401 1312 1402
1400 1503 1506
1504 1502 1401
1400 1504 1401
1162 1502 1505
1182 1235 1183
1507 1330 1509
1162 1181 1180
1181 1504 1508
1508 1506 1513
1506 1509 1513
1503 1507 1509
1190 1508 1510
1510 1512 1189
1513 1510 1508
1509 1511 1513
1511 1329 1512
1317 1514 1515
1515 1319 1317
1516 1320 1319
672 1518 682
1325 1519 1523
1517 1321 1320
1520 1322 1321
1323 1521 1522
1324 1522 1519
1327 1523 1524
1327 1525 1326
1525 1318 1326
1515 1526 1537
682 1527 713
1524 1528 1535
1517 1529 1533
1519 1530 1531
1523 1531 1528
1522 1532 1530
1520 1533 1534
1521 1534 1532
1525 1535 1536
1536 1518 1525
1516 1537 1529
1316 1538 1514
1449 1538 1435
1514 1539 1526
696 1145 273
1541 1150 1154
1543 1186 1217
1544 1184 1186
1170 1547 1193
1548 1214 1152
1542 1152 1150
1550 1217 1223
1551 1220 1222
1552 1223 1220
1553 1222 1215
1549 1215 1214
1540 1262 1145
1554 1154 1262
1555 713 1527
1556 1535 1528
1558 1537 1526
1559 1529 1537
1560 1533 1529
1562 1531 1530
1563 1528 1531
1564 1530 1532
1561 1534 1533
1565 1532 1534
1566 1527 1536
1567 1526 1539
1545 1558 1567
1544 1559 1558
714 1540 696
1556 1548 1542
1543 1560 1559
1561 1550 1552
1549 1563 1562
1565 1552 1551
1562 1553 1549
1564 1551 1553
1555 1554 1540
1536 1557 1566
1566 1541 1554
1557 1542 1541
1568 1570 1571
1571 1573 1568
1574 1573 1572
1171 1577 1174
1174 1546 1170
1572 1187 1189
1571 1188 1187
1188 1576 1171
1574 1189 1512
1450 1578 1579
1450 1539 1538
1545 1328 1184
1579 1329 1328
1446 1574 1578
1578 1512 1329
1579 1567 1539
935 1581 936
1582 1037 941
1582 939 1598
939 1581 1598
1580 944 1596
944 1584 1596
1585 1340 990
1583 1042 1037
1588 1001 1601
1589 1091 1592
1000 1591 1090
1090 1592 1091
1002 1590 1000
1587 1043 1042
1043 1594 1303
1595 1234 1233
1367 1596 1584
1177 1580 1596
1597 1580 1178
1598 1597 1227
1227 1582 1598
1587 1232 1230
1230 1593 1587
1583 1599 1232
1236 1594 1593
1595 1303 1594
1600 1308 1595
1601 1310 1602
1311 1602 1310
1233 1405 1595
1380 1589 1381
1381 1592 1384
1384 1591 1386
1386 1590 1388
1588 1388 1590
1601 1390 1588
1391 1602 1398
1595 1404 1600
1398 1600 1404
1604 1340 1586
1094 1603 1342
1379 1603 1380
1605 1342 1603
1585 1349 1606
1406 1605 1379
1606 1348 1605
1607 1039 1608
1368 1584 1607
1604 1608 1341
1377 1607 1604
1604 1374 1377
1408 1606 1406
1408 1586 1585
1570 1609 1576
1577 1609 1629
1610 1612 1617
1613 1615 1137
994 1616 1618
1617 1618 1610
1618 998 997
132 1620 783
1137 1620 1619
1192 1611 1610
1621 1191 1193
1610 997 1192
1208 1622 1623
1623 1199 1198
1620 1205 1203
783 1203 885
1615 1207 1205
1623 1202 1208
1613 1624 1614
1614 1625 1207
1623 1625 1624
1626 1611 1621
1201 1627 1622
1496 1622 1627
1498 1616 1627
993 1627 1616
1628 1193 1547
1546 1629 1630
1546 1628 1547
1631 1621 1628
1628 1632 1631
1633 794 825
1635 1634 1633
1637 1639 1664
1640 1638 1637
1640 1643 1641
1644 1642 1645
1645 1647 1644
809 1648 1659
1649 1651 1654
1652 1654 1651
1655 1657 1658
1658 1647 1646
1653 1656 1655
1635 1009 1008
1120 1640 1637
1645 1125 1124
1646 1124 953
1654 1110 1649
121 1659 1003
981 1653 979
954 1658 1102
979 1655 954
1642 1126 1125
1102 1646 953
1660 1659 1648
1661 1650 1649
1661 1003 1659
1109 1649 1110
1471 1637 1664
1633 507 1009
1636 1662 1663
1635 1477 1662
1663 1664 1639
1471 1662 1477
1665 910 1666
1636 1667 1634
910 1667 1666
1668 907 1665
833 912 26
1634 833 794
1669 913 1668
1639 1669 1668
917 1669 1670
1638 1670 1669
1670 919 917
1671 1641 1643
921 1671 1672
1643 1672 1671
1672 904 921
1673 1644 1647
1648 839 1678
1674 1651 1650
1674 892 1675
839 894 1678
1676 1651 1675
892 1676 1675
896 1677 1676
1656 902 1657
1673 1657 902
1652 1677 1656
899 1677 898
1660 1678 1679
1679 1650 1660
905 1678 894
1679 889 1674
1663 1666 1636
1665 1639 1668
1438 1681 1443
1681 1445 1443
1683 1568 1573
1684 1569 1568
1439 1682 1687
1573 1686 1683
1440 1687 1688
1575 1688 1686
1609 1685 1689
1629 1689 1719
1690 1629 1719
1632 1690 1720
1691 1014 1693
1692 1015 1691
1693 1017 1694
1694 1018 1695
1695 1696 1718
1697 1016 1692
1697 1020 1019
1699 1022 1024
1701 1339 1716
1702 1024 1026
1703 1023 1701
1704 1026 1027
1705 1027 1028
1705 1025 1703
1706 1337 1030
1708 1709 1717
1706 1029 1708
1031 1710 1711
1696 1711 1718
1022 1712 1038
1713 1305 1304
1713 1038 1712
1709 1714 1717
1714 1020 1698
1707 1338 1337
1338 1716 1339
1721 1722 1723
1721 1724 1722
1721 1725 1724
1721 1726 1725
1721 1727 1726
1728 1729 1730
1730 1731 1728
1731 1730 1732
1732 1733 1731
1734 1735 1736
1736 1737 1734
1738 1739 1740
1740 1741 1738
1742 1743 1744
1744 1745 1742
1746 1747 1748
1748 1749 1746
1750 1737 1751
1751 1752 1750
1753 1754 1755
1755 1756 1753
1724 1725 1757
1757 1758 1724
1759 1760 1761
1761 1762 1759
1760 1763 1764
1764 1761 1760
1765 1766 1767
1767 1768 1765
1769 1770 1771
1771 1766 1769
1772 1773 1774
1774 1739 1772
1775 1776 1777
1777 1778 1775
1732 1762 1734
1734 1779 1732
1780 1781 1782
1782 1783 1780
1781 1745 1772
1772 1782 1781
1757 1784 1763
1763 1760 1757
1768 1767 1785
1785 1786 1768
1784 1787 1788
1788 1763 1784
1761 1764 1789
1789 1735 1761
1763 1788 1790
1790 1764 1763
1745 1744 1773
1773 1772 1745
1791 1792 1793
1793 1794 1791
1741 1740 1795
1795 1796 1741
1755 1786 1797
1797 1798 1755
1735 1789 1746
1746 1736 1735
1799 1752 1800
1800 1801 1799
1729 1758 1759
1759 1730 1729
1792 1796 1802
1802 1793 1792
1758 1757 1760
1760 1759 1758
1796 1795 1765
1765 1802 1796
1722 1724 1758
1758 1729 1722
1730 1759 1762
1762 1732 1730
1752 1751 1803
1803 1800 1752
1751 1804 1742
1742 1803 1751
1736 1746 1749
1749 1804 1736
1743 1805 1806
1806 1744 1743
1807 1808 1770
1770 1769 1807
1756 1755 1798
1798 1809 1756
1802 1765 1768
1768 1754 1802
1774 1810 1808
1808 1807 1774
1723 1722 1729
1729 1728 1723
1740 1807 1769
1769 1795 1740
1744 1806 1811
1811 1773 1744
1773 1811 1810
1810 1774 1773
1812 1780 1783
1783 1813 1812
1778 1777 1792
1792 1791 1778
1794 1793 1753
1753 1814 1794
1814 1753 1756
1756 1815 1814
1777 1741 1796
1796 1792 1777
1725 1726 1784
1784 1757 1725
1739 1774 1807
1807 1740 1739
1795 1769 1766
1766 1765 1795
1749 1748 1805
1805 1743 1749
1785 1816 1817
1817 1818 1785
1801 1800 1780
1780 1812 1801
1813 1783 1776
1776 1775 1813
1800 1803 1781
1781 1780 1800
1754 1768 1786
1786 1755 1754
1804 1749 1743
1743 1742 1804
1767 1819 1816
1816 1785 1767
1733 1732 1779
1779 1820 1733
1821 1750 1752
1752 1799 1821
1779 1734 1737
1737 1750 1779
1783 1782 1738
1738 1776 1783
1776 1738 1741
1741 1777 1776
1782 1772 1739
1739 1738 1782
1726 1727 1787
1787 1784 1726
1766 1771 1819
1819 1767 1766
1762 1761 1735
1735 1734 1762
1737 1736 1804
1804 1751 1737
1764 1790 1822
1822 1789 1764
1820 1779 1750
1750 1821 1820
1815 1756 1809
1809 1823 1815
1793 1802 1754
1754 1753 1793
1803 1742 1745
1745 1781 1803
1786 1785 1818
1818 1797 1786
1789 1822 1747
1747 1746 1789
1797 1818 1824
1818 1817 1824
1824 1823 1809
1809 1798 1824
1798 1797 1824
1825 1826 1827
1828 1829 1830
1831 1832 1833
1834 1829 1835
1836 1831 1833
1834 1837 1838
1826 1839 1840
1827 1840 1841
1842 1843 1844
1845 1846 1847
1845 1848 1849
1850 1851 1852
1853 1854 1845
1855 1845 1847
1846 1856 1857
1858 1859 1860
1858 1849 1848
1861 1862 1863
1864 1865 1866
1867 1865 1868
1869 1864 1866
1870 1871 1872
1873 1827 1874
1875 1874 1876
1874 1841 1877
1878 1879 1880
1881 1878 1880
1874 1882 1876
1854 1859 1848
1883 1854 1884
1881 1860 1859
1838 1885 1886
1887 1888 1889
1887 1838 1886
1890 1891 1892
1893 1894 1839
1895 1896 1897
1898 1880 1879
1895 1881 1880
1899 1860 1881
1897 1863 1862
1900 1856 1901
1858 1901 1856
1897 1899 1895
1899 1902 1860
1902 1858 1860
1897 1862 1903
1868 1904 1905
1864 1906 1904
1906 1907 1904
1906 1900 1901
1862 1908 1903
1907 1905 1904
1902 1908 1905
1905 1867 1868
1847 1909 1910
1847 1911 1855
1857 1909 1846
1912 1913 1869
1914 1900 1912
1900 1915 1857
1876 1916 1875
1876 1917 1871
1918 1872 1919
1872 1920 1919
1921 1871 1917
1922 1923 1924
1888 1925 1922
1925 1926 1927
1887 1928 1888
1844 1929 1930
1828 1931 1831
1851 1931 1932
1852 1932 1933
1934 1830 1834
1834 1935 1934
1934 1889 1936
1887 1935 1838
1887 1889 1935
1898 1937 1896
1938 1879 1939
1940 1852 1941
1853 1942 1943
1943 1884 1853
1883 1939 1879
1944 1884 1945
1946 1855 1911
1941 1933 1947
1863 1948 1861
1949 1896 1937
1928 1885 1926
1887 1886 1928
1932 1950 1951
1952 1947 1933
1932 1952 1933
1950 1936 1953
1889 1922 1936
1936 1924 1953
1830 1954 1828
1955 1936 1950
1936 1956 1934
1956 1955 1954
1931 1955 1950
1937 1957 1958
1957 1939 1841
1941 1959 1940
1942 1917 1943
1882 1943 1917
1877 1939 1944
1877 1945 1882
1921 1946 1920
1843 1947 1929
1960 1949 1961
1937 1961 1949
1962 1829 1963
1833 1964 1965
1836 1965 1966
1962 1837 1835
1967 1832 1850
1968 1866 1969
1885 1968 1969
1965 1910 1909
1967 1910 1964
1965 1915 1966
1962 1869 1968
1963 1912 1962
1926 1970 1927
1969 1865 1970
1861 1970 1865
1969 1926 1885
1971 1940 1959
1920 1972 1971
1850 1972 1967
1946 1967 1972
1973 1959 1842
1919 1971 1973
1829 1966 1963
1963 1915 1914
1974 1975 1976
1930 1977 1974
1973 1918 1919
1978 1842 1979
1980 1930 1981
1979 1844 1980
1841 1840 1957
1840 1958 1957
1839 1961 1958
1890 1961 1894
1982 1929 1947
1953 1951 1950
1976 1983 1984
1985 1986 1987
1924 1988 1953
1989 1984 1983
1989 1951 1988
1952 1983 1982
1988 1990 1989
1982 1975 1977
1890 1991 1992
1923 1927 1993
1970 1993 1927
1960 1890 1992
1993 1987 1986
1994 1992 1991
1923 1986 1924
1992 1948 1960
1995 1996 1997
1996 1998 1997
1999 2000 1998
2001 1873 1875
2002 1875 1916
2003 1870 1918
1916 2004 2002
2005 2006 2007
1998 2007 1997
2005 2000 2008
2009 2008 2010
2011 2012 2013
2014 2015 2016
2017 2018 2015
2019 2018 2020
2021 2014 2016
2022 2023 2024
2025 2022 2024
2026 2025 2027
2028 2029 2023
2018 2027 2025
2018 2024 2015
2015 2023 2016
2016 2029 2021
2030 2031 2032
2033 2034 2035
2036 2037 2034
2035 2038 2039
2034 2040 2038
2038 2041 2042
2043 2044 2045
2046 2045 2044
2037 2047 2040
1997 2048 1995
2007 2049 2048
2048 2050 2046
2051 2052 2053
2053 2013 2012
2036 2013 2052
2044 2052 2046
1995 2046 2052
2054 2055 2056
2057 2058 2059
2002 2059 2001
2060 2059 2061
2004 2062 2063
2004 2061 2002
2060 2063 2064
2063 2065 2064
2066 2032 2067
2066 2068 2039
2039 2042 2066
2058 2001 2059
2055 2069 2056
2070 2071 2072
2073 2074 2075
2076 2077 2073
2078 2073 2079
2080 2081 2082
2070 2083 2081
2084 2081 2083
2076 2082 2081
2085 2070 2080
2086 2087 2085
2088 2087 2089
2090 1873 2091
2092 2093 2094
2095 2092 2096
2096 2097 2095
2098 2060 2064
2099 2064 2065
2022 2098 2028
2028 2099 2100
2075 2101 2102
2103 2102 2101
2104 2095 2097
2105 2106 2107
2107 2108 2026
2106 2060 2109
2109 2108 2106
2079 2075 2110
2110 2102 2104
2111 2082 2112
2113 2080 2111
2114 2115 2097
2097 2116 2104
2112 2078 2117
2117 2079 2118
2118 2110 2119
2104 2119 2110
2086 2113 2120
2121 1825 2090
2122 2027 2123
2124 2105 2125
2126 2058 2124
2127 2091 2126
2125 2107 2128
2128 2026 2122
2129 2090 2127
2123 2130 2131
2130 2132 2131
2133 2112 2134
2134 2123 2133
2135 2111 2133
2136 2119 2137
2137 2125 2136
2137 2116 2138
2138 2124 2137
2138 2115 2139
2139 2126 2138
2140 2118 2136
2136 2128 2140
2134 2117 2140
2140 2122 2134
2139 2141 2142
2129 2139 2142
2133 2131 2135
2143 2131 2132
2135 2120 2113
2144 2145 2146
2147 2148 2149
2149 2146 2147
2150 2146 2145
2151 2032 2031
2147 2152 2153
2032 2149 2067
2148 2067 2149
2154 2088 2155
2077 2156 2074
2084 2157 2077
2158 2093 2159
2154 2160 2161
2158 2156 2162
2162 2157 2163
2164 2163 2157
2159 2074 2156
2093 2101 2159
2165 2166 2167
2071 2165 2072
2167 2072 2165
2083 2164 2084
2154 2168 2165
2167 2169 2164
2029 2170 2171
2003 2172 2062
2173 2174 2172
2172 2065 2062
2170 2150 2171
2175 2176 2174
2174 2099 2065
2100 2176 2170
2153 2170 2176
2177 2153 2175
2033 2011 2013
1981 2178 1980
2179 2011 2178
2035 2068 2180
2180 2148 2181
2178 2182 1980
2035 2183 2033
2180 2184 2183
2178 2183 2184
2185 1978 1979
1918 2186 2003
2187 2175 2173
2177 2181 2148
2184 2187 2182
2185 2187 2173
2185 1980 2182
2186 2173 2172
2188 2189 2069
2190 2029 2171
2191 2151 2192
2192 2031 2188
2193 2145 2191
2171 2150 2193
2190 2194 2021
2195 2196 2197
2192 2195 2191
2198 2199 2055
2200 2191 2195
2201 2195 2197
2202 2200 2201
2171 2200 2190
2199 2188 2055
2203 2189 2204
2205 2042 2041
2206 2205 2207
2207 2204 2206
2189 2208 2069
2189 2030 2204
2030 2206 2204
2066 2042 2206
1825 2209 1826
1828 1836 1829
1831 1851 1832
1834 1830 1829
1836 1828 1831
1834 1835 1837
1826 1893 1839
1827 1826 1840
1842 1959 1843
1845 1849 1846
1845 1854 1848
1850 1832 1851
1853 1884 1854
1855 1853 1845
1846 1849 1856
1858 1848 1859
1858 1856 1849
1861 1867 1862
1864 1868 1865
1867 1861 1865
1869 1913 1864
1870 1916 1871
1873 1825 1827
1875 1873 1874
1874 1827 1841
1878 1883 1879
1881 1859 1878
1874 1877 1882
1854 1878 1859
1883 1878 1854
1838 1837 1885
1890 1894 1891
1893 1891 1894
1895 1898 1896
1898 1895 1880
1895 1899 1881
1897 1896 1863
1900 1857 1856
1858 1907 1901
1897 1903 1899
1899 1903 1902
1902 1907 1858
1868 1864 1904
1864 1913 1906
1906 1901 1907
1906 1913 1900
1862 1867 1908
1907 1902 1905
1902 1903 1908
1905 1908 1867
1847 1846 1909
1847 1910 1911
1857 1915 1909
1912 1900 1913
1900 1914 1915
1876 1871 1916
1876 1882 1917
1918 1870 1872
1872 1921 1920
1921 1872 1871
1922 1925 1923
1888 1928 1925
1925 1928 1926
1844 1843 1929
1828 1954 1931
1851 1831 1931
1852 1851 1932
1934 1956 1830
1834 1838 1935
1934 1935 1889
1898 1938 1937
1938 1898 1879
1940 1850 1852
1853 1855 1942
1943 1945 1884
1883 1944 1939
1944 1883 1884
1946 1942 1855
1941 1852 1933
1863 1949 1948
1949 1863 1896
1928 1886 1885
1932 1931 1950
1952 1982 1947
1932 1951 1952
1889 1888 1922
1936 1922 1924
1830 1956 1954
1936 1955 1956
1931 1954 1955
1937 1938 1957
1957 1938 1939
1941 1843 1959
1942 1921 1917
1882 1945 1943
1877 1841 1939
1877 1944 1945
1921 1942 1946
1843 1941 1947
1960 1948 1949
1937 1958 1961
1962 1835 1829
1833 1832 1964
1836 1833 1965
1962 1968 1837
1967 1964 1832
1968 1869 1866
1885 1837 1968
1965 1964 1910
1967 1911 1910
1965 1909 1915
1962 1912 1869
1963 1914 1912
1969 1866 1865
1861 1948 1970
1969 1970 1926
1971 1972 1940
1920 1946 1972
1850 1940 1972
1946 1911 1967
1973 1971 1959
1919 1920 1971
1829 1836 1966
1963 1966 1915
1974 1977 1975
1930 1929 1977
1973 1978 1918
1978 1973 1842
1980 1844 1930
1979 1842 1844
1840 1839 1958
1839 1894 1961
1890 1960 1961
1982 1977 1929
1953 1988 1951
1976 1975 1983
1985 1988 1986
1924 1986 1988
1989 1990 1984
1989 1952 1951
1952 1989 1983
1988 1985 1990
1982 1983 1975
1890 1892 1991
1923 1925 1927
1970 1992 1993
1993 1994 1987
1994 1993 1992
1923 1993 1986
1992 1970 1948
1995 2051 1996
1996 1999 1998
1999 2210 2000
2001 2091 1873
2002 2001 1875
2003 2004 1870
1916 1870 2004
2005 2009 2006
1998 2005 2007
2005 1998 2000
2009 2005 2008
2011 2211 2012
2014 2017 2015
2017 2020 2018
2019 2130 2018
2021 2194 2014
2022 2028 2023
2025 2108 2022
2026 2108 2025
2028 2100 2029
2018 2130 2027
2018 2025 2024
2015 2024 2023
2016 2023 2029
2030 2189 2031
2033 2036 2034
2036 2044 2037
2035 2034 2038
2034 2037 2040
2038 2040 2041
2043 2037 2044
2046 2050 2045
2037 2043 2047
1997 2007 2048
2007 2006 2049
2048 2049 2050
2051 1995 2052
2053 2052 2013
2036 2033 2013
2044 2036 2052
1995 2048 2046
2054 2198 2055
2057 2105 2058
2002 2061 2059
2060 2057 2059
2004 2003 2062
2004 2063 2061
2060 2061 2063
2063 2062 2065
2066 2030 2032
2066 2067 2068
2039 2038 2042
2058 2091 2001
2055 2188 2069
2070 2087 2071
2073 2077 2074
2076 2084 2077
2078 2076 2073
2080 2070 2081
2070 2072 2083
2084 2076 2081
2076 2078 2082
2085 2087 2070
2086 2089 2087
2088 2071 2087
2090 1825 1873
2092 2103 2093
2095 2103 2092
2096 2114 2097
2098 2109 2060
2099 2098 2064
2022 2109 2098
2028 2098 2099
2075 2074 2101
2103 2095 2102
2104 2102 2095
2105 2057 2106
2107 2106 2108
2106 2057 2060
2109 2022 2108
2079 2073 2075
2110 2075 2102
2111 2080 2082
2113 2085 2080
2114 2141 2115
2097 2115 2116
2112 2082 2078
2117 2078 2079
2118 2079 2110
2104 2116 2119
2086 2085 2113
2121 2209 1825
2122 2026 2027
2124 2058 2105
2126 2091 2058
2127 2090 2091
2125 2105 2107
2128 2107 2026
2129 2121 2090
2123 2027 2130
2130 2019 2132
2133 2111 2112
2134 2122 2123
2135 2113 2111
2136 2118 2119
2137 2124 2125
2137 2119 2116
2138 2126 2124
2138 2116 2115
2139 2127 2126
2140 2117 2118
2136 2125 2128
2134 2112 2117
2140 2128 2122
2139 2115 2141
2129 2127 2139
2133 2123 2131
2143 2135 2131
2135 2143 2120
2144 2151 2145
2147 2177 2148
2149 2144 2146
2150 2152 2146
2151 2144 2032
2147 2146 2152
2032 2144 2149
2148 2068 2067
2154 2071 2088
2077 2157 2156
2084 2164 2157
2158 2094 2093
2154 2155 2160
2158 2159 2156
2162 2156 2157
2164 2169 2163
2159 2101 2074
2093 2103 2101
2165 2168 2166
2071 2154 2165
2167 2083 2072
2083 2167 2164
2154 2161 2168
2167 2166 2169
2029 2100 2170
2003 2186 2172
2173 2175 2174
2172 2174 2065
2170 2152 2150
2175 2153 2176
2174 2176 2099
2100 2099 2176
2153 2152 2170
2177 2147 2153
2033 2183 2011
1981 2179 2178
2179 2211 2011
2035 2039 2068
2180 2068 2148
2178 2184 2182
2035 2180 2183
2180 2181 2184
2178 2011 2183
2185 2186 1978
1918 1978 2186
2187 2177 2175
2177 2187 2181
2184 2181 2187
2185 2182 2187
2185 1979 1980
2186 2185 2173
2188 2031 2189
2190 2021 2029
2191 2145 2151
2192 2151 2031
2193 2150 2145
2190 2202 2194
2195 2199 2196
2192 2199 2195
2198 2196 2199
2200 2193 2191
2201 2200 2195
2202 2190 2200
2171 2193 2200
2199 2192 2188
2203 2208 2189
2206 2042 2205
2207 2203 2204
2030 2066 2206
2212 2213 2214
2215 2216 2217
2218 2219 2220
2221 2222 2217
2223 2219 2218
2221 2224 2225
2214 2226 2227
2213 2228 2226
2229 2230 2231
2232 2233 2234
2232 2235 2236
2237 2238 2239
2240 2232 2241
2242 2233 2232
2234 2243 2244
2245 2246 2247
2245 2236 2235
2248 2249 2250
2251 2252 2253
2254 2255 2253
2256 2252 2251
2257 2258 2259
2260 2261 2213
2262 2263 2261
2261 2264 2228
2265 2266 2267
2268 2266 2265
2261 2263 2269
2241 2236 2247
2270 2271 2241
2268 2247 2246
2224 2272 2273
2274 2275 2276
2274 2272 2224
2277 2278 2279
2280 2227 2281
2282 2283 2284
2285 2267 2266
2282 2266 2268
2286 2268 2246
2283 2250 2249
2287 2288 2244
2245 2244 2288
2283 2282 2286
2286 2246 2289
2289 2246 2245
2283 2290 2250
2255 2291 2292
2251 2292 2293
2293 2292 2294
2293 2288 2287
2250 2290 2295
2294 2292 2291
2289 2291 2295
2291 2255 2254
2233 2296 2297
2233 2242 2298
2243 2234 2297
2299 2256 2300
2301 2299 2287
2287 2243 2302
2263 2262 2303
2263 2259 2304
2305 2306 2258
2258 2306 2307
2308 2304 2259
2309 2310 2311
2276 2309 2312
2312 2313 2314
2274 2276 2315
2230 2316 2317
2215 2218 2318
2239 2319 2318
2238 2320 2319
2321 2221 2216
2221 2321 2322
2321 2323 2275
2274 2224 2322
2274 2322 2275
2285 2284 2324
2325 2326 2267
2327 2328 2238
2240 2329 2330
2329 2240 2271
2270 2267 2326
2331 2332 2271
2333 2298 2242
2328 2334 2320
2249 2248 2335
2336 2324 2284
2315 2314 2273
2274 2315 2272
2319 2337 2338
2339 2320 2334
2319 2320 2339
2338 2340 2323
2275 2323 2309
2323 2340 2310
2216 2215 2341
2342 2338 2323
2323 2321 2343
2343 2341 2342
2318 2338 2342
2324 2344 2345
2345 2228 2326
2328 2327 2346
2330 2329 2304
2269 2304 2329
2264 2331 2326
2264 2269 2332
2308 2307 2333
2231 2317 2334
2347 2348 2336
2324 2336 2348
2349 2350 2217
2219 2351 2352
2223 2353 2351
2349 2222 2225
2354 2237 2220
2355 2356 2252
2273 2356 2355
2351 2297 2296
2354 2352 2296
2351 2353 2302
2349 2355 2256
2350 2349 2299
2314 2313 2357
2356 2357 2253
2248 2253 2357
2356 2273 2314
2358 2346 2327
2307 2358 2359
2237 2354 2359
2333 2359 2354
2360 2229 2346
2306 2360 2358
2217 2350 2353
2350 2301 2302
2361 2362 2363
2316 2361 2364
2360 2306 2305
2365 2366 2229
2367 2368 2316
2366 2367 2230
2228 2345 2226
2226 2345 2344
2227 2344 2348
2277 2281 2348
2369 2334 2317
2340 2338 2337
2362 2370 2371
2372 2373 2374
2310 2340 2375
2376 2371 2370
2376 2375 2337
2339 2369 2371
2375 2376 2377
2369 2364 2363
2277 2378 2379
2311 2380 2313
2357 2313 2380
2347 2378 2277
2380 2374 2373
2381 2379 2378
2311 2310 2374
2378 2347 2335
2382 2383 2384
2384 2383 2385
2386 2385 2387
2388 2262 2260
2389 2303 2262
2390 2305 2257
2303 2389 2391
2392 2393 2394
2385 2383 2393
2392 2395 2387
2396 2397 2395
2398 2399 2400
2401 2402 2403
2404 2403 2405
2406 2407 2405
2408 2402 2401
2409 2410 2411
2412 2410 2409
2413 2414 2412
2415 2411 2416
2405 2412 2414
2405 2403 2410
2403 2402 2411
2402 2408 2416
2417 2418 2419
2420 2421 2422
2423 2422 2424
2421 2425 2426
2422 2426 2427
2426 2428 2429
2430 2431 2432
2433 2432 2431
2424 2427 2434
2383 2382 2435
2393 2435 2436
2435 2433 2437
2438 2439 2440
2439 2400 2399
2423 2440 2399
2432 2433 2440
2382 2440 2433
2441 2442 2443
2444 2445 2446
2389 2388 2445
2447 2448 2445
2391 2449 2450
2391 2389 2448
2447 2451 2449
2449 2451 2452
2453 2454 2418
2453 2425 2455
2425 2453 2428
2446 2445 2388
2443 2442 2456
2457 2458 2459
2460 2461 2462
2463 2460 2464
2465 2466 2460
2467 2468 2469
2457 2469 2470
2471 2470 2469
2463 2469 2468
2472 2467 2457
2473 2472 2474
2475 2476 2474
2477 2478 2260
2479 2480 2481
2482 2483 2479
2483 2482 2484
2485 2451 2447
2486 2452 2451
2409 2415 2485
2415 2487 2486
2461 2488 2489
2490 2489 2488
2491 2484 2482
2492 2493 2494
2493 2413 2495
2494 2496 2447
2496 2494 2495
2466 2497 2461
2497 2491 2488
2498 2499 2468
2500 2498 2467
2501 2484 2502
2484 2491 2503
2499 2504 2465
2504 2505 2466
2505 2506 2497
2491 2497 2506
2473 2507 2500
2508 2477 2212
2509 2510 2414
2511 2512 2492
2513 2511 2446
2514 2513 2478
2512 2515 2493
2515 2509 2413
2516 2514 2477
2510 2517 2518
2518 2517 2519
2520 2521 2499
2521 2520 2510
2522 2520 2498
2523 2524 2506
2524 2523 2512
2524 2525 2503
2525 2524 2511
2525 2526 2502
2526 2525 2513
2527 2523 2505
2523 2527 2515
2521 2527 2504
2527 2521 2509
2526 2528 2529
2516 2528 2526
2520 2522 2517
2530 2519 2517
2522 2500 2507
2531 2532 2533
2534 2535 2536
2535 2534 2532
2537 2533 2532
2538 2419 2418
2534 2539 2540
2418 2454 2535
2536 2535 2454
2541 2542 2475
2464 2462 2543
2471 2464 2544
2545 2546 2481
2541 2547 2548
2545 2549 2543
2549 2550 2544
2551 2544 2550
2546 2543 2462
2481 2546 2489
2552 2553 2554
2459 2458 2552
2553 2552 2458
2470 2471 2551
2541 2552 2555
2553 2551 2556
2416 2557 2558
2390 2450 2559
2560 2559 2561
2559 2450 2452
2558 2557 2537
2562 2561 2563
2561 2452 2486
2487 2558 2563
2539 2563 2558
2564 2562 2539
2420 2399 2398
2368 2367 2565
2566 2565 2398
2421 2567 2455
2567 2568 2536
2565 2367 2569
2421 2420 2570
2567 2570 2571
2565 2571 2570
2572 2366 2365
2305 2390 2573
2574 2560 2562
2564 2536 2568
2571 2569 2574
2572 2560 2574
2572 2569 2367
2573 2559 2560
2575 2456 2576
2577 2557 2416
2578 2579 2538
2579 2575 2419
2580 2578 2533
2557 2580 2537
2577 2408 2581
2582 2583 2584
2579 2578 2582
2585 2443 2586
2587 2582 2578
2588 2583 2582
2589 2588 2587
2557 2577 2587
2586 2443 2575
2590 2591 2576
2592 2429 2428
2593 2594 2592
2594 2593 2591
2576 2456 2595
2576 2591 2417
2417 2591 2593
2453 2593 2428
2212 2214 2596
2215 2217 2223
2218 2220 2239
2221 2217 2216
2223 2218 2215
2221 2225 2222
2214 2227 2280
2213 2226 2214
2229 2231 2346
2232 2234 2235
2232 2236 2241
2237 2239 2220
2240 2241 2271
2242 2232 2240
2234 2244 2235
2245 2247 2236
2245 2235 2244
2248 2250 2254
2251 2253 2255
2254 2253 2248
2256 2251 2300
2257 2259 2303
2260 2213 2212
2262 2261 2260
2261 2228 2213
2265 2267 2270
2268 2265 2247
2261 2269 2264
2241 2247 2265
2270 2241 2265
2224 2273 2225
2277 2279 2281
2280 2281 2279
2282 2284 2285
2285 2266 2282
2282 2268 2286
2283 2249 2284
2287 2244 2243
2245 2288 2294
2283 2286 2290
2286 2289 2290
2289 2245 2294
2255 2292 2251
2251 2293 2300
2293 2294 2288
2293 2287 2300
2250 2295 2254
2294 2291 2289
2289 2295 2290
2291 2254 2295
2233 2297 2234
2233 2298 2296
2243 2297 2302
2299 2300 2287
2287 2302 2301
2263 2303 2259
2263 2304 2269
2305 2258 2257
2258 2307 2308
2308 2259 2258
2309 2311 2312
2276 2312 2315
2312 2314 2315
2230 2317 2231
2215 2318 2341
2239 2318 2218
2238 2319 2239
2321 2216 2343
2221 2322 2224
2321 2275 2322
2285 2324 2325
2325 2267 2285
2327 2238 2237
2240 2330 2242
2329 2271 2332
2270 2326 2331
2331 2271 2270
2333 2242 2330
2328 2320 2238
2249 2335 2336
2336 2284 2249
2315 2273 2272
2319 2338 2318
2339 2334 2369
2319 2339 2337
2275 2309 2276
2323 2310 2309
2216 2341 2343
2323 2343 2342
2318 2342 2341
2324 2345 2325
2345 2326 2325
2328 2346 2231
2330 2304 2308
2269 2329 2332
2264 2326 2228
2264 2332 2331
2308 2333 2330
2231 2334 2328
2347 2336 2335
2324 2348 2344
2349 2217 2222
2219 2352 2220
2223 2351 2219
2349 2225 2355
2354 2220 2352
2355 2252 2256
2273 2355 2225
2351 2296 2352
2354 2296 2298
2351 2302 2297
2349 2256 2299
2350 2299 2301
2356 2253 2252
2248 2357 2335
2356 2314 2357
2358 2327 2359
2307 2359 2333
2237 2359 2327
2333 2354 2298
2360 2346 2358
2306 2358 2307
2217 2353 2223
2350 2302 2353
2361 2363 2364
2316 2364 2317
2360 2305 2365
2365 2229 2360
2367 2316 2230
2366 2230 2229
2226 2344 2227
2227 2348 2281
2277 2348 2347
2369 2317 2364
2340 2337 2375
2362 2371 2363
2372 2374 2375
2310 2375 2374
2376 2370 2377
2376 2337 2339
2339 2371 2376
2375 2377 2372
2369 2363 2371
2277 2379 2278
2311 2313 2312
2357 2380 2378
2380 2373 2381
2381 2378 2380
2311 2374 2380
2378 2335 2357
2382 2384 2438
2384 2385 2386
2386 2387 2597
2388 2260 2478
2389 2262 2388
2390 2257 2391
2303 2391 2257
2392 2394 2396
2385 2393 2392
2392 2387 2385
2396 2395 2392
2398 2400 2598
2401 2403 2404
2404 2405 2407
2406 2405 2518
2408 2401 2581
2409 2411 2415
2412 2409 2495
2413 2412 2495
2415 2416 2487
2405 2414 2518
2405 2410 2412
2403 2411 2410
2402 2416 2411
2417 2419 2576
2420 2422 2423
2423 2424 2432
2421 2426 2422
2422 2427 2424
2426 2429 2427
2430 2432 2424
2433 2431 2437
2424 2434 2430
2383 2435 2393
2393 2436 2394
2435 2437 2436
2438 2440 2382
2439 2399 2440
2423 2399 2420
2432 2440 2423
2382 2433 2435
2441 2443 2585
2444 2446 2492
2389 2445 2448
2447 2445 2444
2391 2450 2390
2391 2448 2449
2447 2449 2448
2449 2452 2450
2453 2418 2417
2453 2455 2454
2425 2428 2426
2446 2388 2478
2443 2456 2575
2457 2459 2474
2460 2462 2464
2463 2464 2471
2465 2460 2463
2467 2469 2457
2457 2470 2458
2471 2469 2463
2463 2468 2465
2472 2457 2474
2473 2474 2476
2475 2474 2459
2477 2260 2212
2479 2481 2490
2482 2479 2490
2483 2484 2501
2485 2447 2496
2486 2451 2485
2409 2485 2496
2415 2486 2485
2461 2489 2462
2490 2488 2482
2491 2482 2488
2492 2494 2444
2493 2495 2494
2494 2447 2444
2496 2495 2409
2466 2461 2460
2497 2488 2461
2498 2468 2467
2500 2467 2472
2501 2502 2529
2484 2503 2502
2499 2465 2468
2504 2466 2465
2505 2497 2466
2491 2506 2503
2473 2500 2472
2508 2212 2596
2509 2414 2413
2511 2492 2446
2513 2446 2478
2514 2478 2477
2512 2493 2492
2515 2413 2493
2516 2477 2508
2510 2518 2414
2518 2519 2406
2520 2499 2498
2521 2510 2509
2522 2498 2500
2523 2506 2505
2524 2512 2511
2524 2503 2506
2525 2511 2513
2525 2502 2503
2526 2513 2514
2527 2505 2504
2523 2515 2512
2521 2504 2499
2527 2509 2515
2526 2529 2502
2516 2526 2514
2520 2517 2510
2530 2517 2522
2522 2507 2530
2531 2533 2538
2534 2536 2564
2535 2532 2531
2537 2532 2540
2538 2418 2531
2534 2540 2532
2418 2535 2531
2536 2454 2455
2541 2475 2459
2464 2543 2544
2471 2544 2551
2545 2481 2480
2541 2548 2542
2545 2543 2546
2549 2544 2543
2551 2550 2556
2546 2462 2489
2481 2489 2490
2552 2554 2555
2459 2552 2541
2553 2458 2470
2470 2551 2553
2541 2555 2547
2553 2556 2554
2416 2558 2487
2390 2559 2573
2560 2561 2562
2559 2452 2561
2558 2537 2540
2562 2563 2539
2561 2486 2563
2487 2563 2486
2539 2558 2540
2564 2539 2534
2420 2398 2570
2368 2565 2566
2566 2398 2598
2421 2455 2425
2567 2536 2455
2565 2569 2571
2421 2570 2567
2567 2571 2568
2565 2570 2398
2572 2365 2573
2305 2573 2365
2574 2562 2564
2564 2568 2574
2571 2574 2568
2572 2574 2569
2572 2367 2366
2573 2560 2572
2575 2576 2419
2577 2416 2408
2578 2538 2533
2579 2419 2538
2580 2533 2537
2577 2581 2589
2582 2584 2586
2579 2582 2586
2585 2586 2584
2587 2578 2580
2588 2582 2587
2589 2587 2577
2557 2587 2580
2586 2575 2579
2590 2576 2595
2593 2592 2428
2594 2591 2590
2417 2593 2453
